-------------------------------------------------------------------------------------------------------------------------------------------------------- Samples: 0->-1 --------------------------------------------------------------------------------------------------------------------------------------------------------
0:      -3.080   3.929  -2.395  10.975   8.266   0.401   4.223  -0.462   8.041   2.889   2.047   3.958  -0.151  -0.043   0.732   0.106  -0.101  -0.273  -0.238   0.682  -0.296  -1.392  -0.889  -0.984   0.726   0.000  -0.161   0.023   0.237   0.255   0.298   0.642   0.409   0.309   0.170  -0.014   0.109   0.038   0.000
1:      -3.011   5.235  -2.614   8.868   5.606  -2.708   4.369  -1.432   6.718   3.710   1.337   6.419  -0.151  -0.149   1.013   0.380   0.282   0.462   1.732   1.915  -0.010  -1.418  -1.069  -0.959   1.138   0.000  -0.289  -0.108   0.455   0.221   0.338   0.479   0.313   0.507   0.544   0.290   0.309  -0.240   0.000
2:      -3.328   6.937  -1.756  11.523   8.230   0.763   7.558  -1.457   1.742  -1.969  -2.516   6.357  -0.151  -0.797   0.708   1.154   0.984   0.850   1.984   2.108   1.104  -0.528  -0.869  -0.451   0.708   0.000  -0.188  -0.323   0.372  -0.120   0.049   0.047  -0.034   0.493   0.943   0.848   0.536  -0.322   0.000
3:      -3.700   7.492  -0.814  12.109  10.593   8.880  12.130  -0.014   4.102  -0.026  -0.469   8.447  -0.151  -1.111   0.204   1.857   0.462   0.858   1.045   1.532   1.539   0.896   0.552   0.295  -0.465   0.000   0.155  -0.425  -0.234  -0.566  -0.361  -0.512  -0.536  -0.059   0.675   0.911   0.525  -0.219   0.000
4:      -6.719   6.339   2.474  14.273  10.021   4.527  10.880   4.349   6.711   0.412   0.694   6.484  -0.151  -0.503  -0.475   1.227  -0.789  -0.226   0.341   0.705   1.397   2.164   2.539   1.068  -0.082   0.000   0.638  -0.361  -1.159  -0.980  -0.527  -0.340  -0.714  -0.827  -0.040   0.465   0.257   0.187   0.000
5:      -6.872   6.553   4.556   9.805   8.999   0.637  10.365   3.358   8.715   5.278   1.207   4.028  -0.151   0.481  -0.518  -0.829  -1.663  -0.804  -0.007  -0.066  -0.450   0.612   1.781   0.905   0.436   0.000   0.866  -0.097  -1.463  -0.681  -0.410   0.017  -0.470  -0.903  -0.742  -0.413  -0.061   0.375   0.003
6:      -4.255   5.029   1.693   8.730   7.895   6.587  11.967   3.842  10.255   8.074   1.986   8.155  -0.151   1.595  -0.739  -3.300  -2.856  -0.956   0.810  -0.663  -2.035  -0.586   0.841   0.528   1.193   0.000   1.051   0.421  -0.976  -0.267  -0.379  -0.395  -0.463  -0.716  -1.208  -1.186  -0.281  -0.093   0.012
7:      -2.525   5.557  -4.567   6.566   7.636   7.812  11.256  -2.011   5.389   5.047   3.409   9.794  -0.151   2.171  -0.151  -3.196  -1.907  -0.825   0.896  -0.134  -1.259  -1.437  -0.664   0.262   0.770   0.014   1.151   0.541  -0.256   0.228  -0.274  -0.779  -0.759  -0.160  -0.607  -0.991  -0.357  -0.589   0.031
8:      -0.916   3.144  -9.466   1.616   5.921   4.987   7.120  -3.143   5.445   4.734   2.233   9.566  -0.151   3.907   1.446  -2.467  -2.004  -2.111  -2.087  -1.577  -1.776  -2.850  -2.169  -0.013  -0.715   0.056   1.013   0.327  -0.021   0.666   0.014  -1.020  -1.150   0.226  -0.075  -0.567  -0.199  -0.754   0.043
9:       2.315   6.742  -5.845   3.826   5.860   5.919  12.121   0.557   3.934   3.627   2.394   7.171  -0.084   5.082   1.095  -2.527  -0.947  -1.597  -2.454  -3.403  -1.379  -1.292  -1.668  -0.611  -1.554   0.130   0.397  -0.351  -0.297   0.710   0.494  -0.784  -1.437   0.452   0.439   0.097  -0.016  -0.392   0.040
10:     12.861  11.666 -10.003   0.082  -1.773  -2.902   3.648  -6.324  -3.269  -2.061   2.428   5.893   0.093   5.207   0.274  -3.741  -0.004  -0.502  -2.614  -4.777  -0.846  -1.031  -1.489  -0.033  -1.415   0.159  -0.772  -1.096  -0.201   0.880   0.997   0.072  -0.960   1.425   0.693   0.676   0.220  -0.031   0.018
11:     15.995   6.771 -16.936   2.597   3.499  -0.513  -4.024  -7.317   3.287   0.104   0.258   3.860   0.375   3.508  -1.319  -4.044   0.641   0.838  -2.761  -5.721   0.536  -0.152  -0.519   0.192  -0.840   0.163  -1.505  -0.990   0.438   0.717   0.446   0.217  -0.102   1.874   0.238   0.574   0.463  -0.075  -0.010
12:     18.278   4.502 -22.624   2.211   4.593  -4.869  -8.691  -3.437   0.612  -0.952   3.138   4.147   0.413   0.833  -2.829  -2.713   1.602   1.656  -1.572  -5.219   4.393   0.043   0.636   0.686  -1.225   0.131  -1.651  -0.688   1.137   0.469  -0.476   0.473   0.642   1.744   0.176   0.330   0.279  -0.397  -0.021
13:     17.146   3.729 -19.754   5.965   6.866  -6.902 -10.314   1.795   1.234   0.476   2.996   3.845   0.569  -0.255  -2.303  -0.852   1.836  -0.447  -1.888  -3.690   5.371  -0.641   0.137   1.345  -2.023   0.093  -1.165  -0.343   1.314   0.079  -1.268   0.577   1.301   0.834   0.109  -0.207   0.147  -0.637  -0.024
14:     16.451  -0.959 -22.159   6.409   4.825  -7.566 -19.303  11.083  -2.028   0.931   4.491  -0.223   0.649  -1.167  -2.676   0.347   1.742  -2.241  -0.684  -2.582   5.457   0.094  -0.167   0.784  -2.806   0.086  -0.615  -0.077   1.271  -0.348  -1.409   0.533   1.826  -0.579   0.162  -0.532  -0.160  -0.447  -0.018
15:     15.634  -2.014 -21.428   9.677   1.147  -8.605 -17.167  12.278   1.403  -0.151   6.307  -4.069   0.722  -1.318  -3.111   0.994   0.965  -3.555  -0.321  -0.534   4.174   0.370  -1.153   0.878  -3.233   0.063  -0.360  -0.126   1.101  -0.776  -0.727   0.752   1.865  -1.276  -0.077  -0.226  -0.585  -0.139  -0.013
16:     13.197  -6.007 -20.051   9.066  -3.751  -7.437 -18.176  18.605   0.996  -1.471   5.401  -5.927   0.767  -1.708  -2.808   2.722   0.300  -3.834   0.309   2.334   2.098   0.349  -1.378   0.122  -2.856   0.055  -0.146   0.187   0.794  -1.049   0.111   0.807   1.581  -1.732  -0.490   0.225  -0.864   0.157  -0.011
17:     12.182  -9.303 -15.840   9.460  -6.620  -8.574 -13.549  18.905   1.573  -4.086   6.934  -9.468   0.826  -1.787  -2.869   3.464  -1.323  -3.285   1.375   3.176   0.671  -1.153  -0.389  -1.251  -2.694   0.046  -0.073   0.586   0.179  -1.052   0.863   1.048   0.739  -1.786  -0.415   0.620  -1.072   0.411  -0.009
18:      9.637 -11.353 -11.344   8.016 -10.462  -6.036  -9.443  18.262  -0.368  -3.992   4.788 -11.804   0.871  -1.662  -1.864   3.081  -2.358  -1.821   2.505   3.468  -1.453  -1.594   0.578  -2.470  -2.289   0.038   0.076   0.837  -0.625  -0.765   1.369   0.989  -0.129  -1.666   0.263   0.445  -0.597   0.491  -0.009
19:      8.479 -13.686  -8.460   3.586 -11.922  -2.428  -5.653  15.805  -3.682  -0.835   0.359 -14.599   0.900  -1.707  -0.654   1.711  -2.968  -0.246   3.821   2.596  -2.980  -0.734   0.969  -3.187  -1.463   0.028   0.217   1.023  -0.991  -0.077   1.531   0.685  -0.495  -1.291   1.076   0.013   0.278   0.637  -0.008
20:      6.738 -13.135  -8.336   0.213 -10.204   2.014  -4.784  12.890  -4.345  -0.208  -3.660 -14.807   0.918  -1.366   0.268   0.474  -2.703   1.489   4.031   1.979  -4.407   1.452   0.167  -1.893  -1.019   0.020   0.380   0.817  -0.836   0.394   1.228   0.296  -0.641  -0.464   1.049  -0.085   0.992   0.701  -0.006
21:      5.094 -11.680  -8.792  -1.478  -7.979   6.506  -2.898   6.689  -0.110  -1.134  -4.778 -15.279   0.942  -0.848   1.179  -0.188  -1.534   2.717   4.036   1.447  -4.306   2.705  -0.118  -0.151  -0.146   0.016   0.499   0.381  -0.521   0.377   0.585  -0.286  -0.592   0.167   0.281  -0.099   1.194   0.605  -0.004
22:      4.499 -11.017  -8.809  -2.968  -4.988   9.649  -0.928   0.783   5.106  -3.007  -2.108 -16.559   0.949  -0.191   1.306  -0.151  -1.105   2.838   3.879   0.839  -3.108   1.931   0.694   0.973   0.557   0.015   0.407  -0.038  -0.386   0.052  -0.223  -0.717  -0.553   0.471  -0.639  -0.045   0.697   0.541  -0.002
23:      5.360  -8.849  -9.164  -2.492  -0.943  13.933  -0.345   0.329   5.120  -0.025  -1.172 -14.454   0.964   0.202   0.731  -0.583  -1.883   2.005   2.467   0.207  -2.795   0.430   0.210   1.349   0.772   0.010   0.216  -0.257  -0.332  -0.196  -0.695  -0.967  -0.345   0.400  -0.708  -0.214   0.242   0.436  -0.002
24:      5.650  -8.018  -8.903  -4.805   0.468  17.697  -1.866   0.530   2.694   2.707  -0.598 -12.434   0.981   0.144   0.303  -1.260  -2.270   0.732   1.232  -0.168  -2.808  -0.604  -0.224   0.841   1.227   0.012   0.040  -0.163  -0.266  -0.065  -0.808  -0.910  -0.173   0.333  -0.172  -0.416   0.019   0.283  -0.002
25:      5.530  -9.524 -11.658  -9.973  -0.684  14.815  -1.395  -7.159   3.249  -2.939   1.212 -13.481   0.978   0.063   0.394  -1.293  -1.932   0.294   0.522   0.226  -2.454   0.434  -0.726   1.127   1.698   0.008   0.091   0.191   0.172   0.440  -0.582  -0.316   0.020   0.819   0.368  -0.027  -0.052   0.272  -0.002
26:      5.133  -9.165 -13.860 -10.579  -1.457  15.368  -1.245  -9.513   3.023  -2.671   0.906 -10.912   1.000   0.077   0.659  -1.124  -1.406  -0.347   0.300  -0.033  -1.614   1.070  -0.917   1.179   1.507   0.005   0.271   0.359   0.517   0.586  -0.458   0.054   0.034   1.176   0.392   0.183  -0.059   0.165  -0.005
27:      5.932  -6.307 -13.151  -9.264   1.490  17.708   0.477  -6.922   7.127  -0.968   3.713  -6.727   0.996   0.692   1.508   0.210  -0.116  -0.368   1.354   0.239   0.703   1.432   0.420   0.920   1.994   0.002   0.381   0.384   0.552   0.451  -0.402   0.045   0.015   0.970  -0.130   0.310  -0.178   0.024  -0.008
28:      5.834  -6.334 -13.775 -12.188  -2.352  17.750  -2.968  -7.660   6.106  -2.863   4.048  -8.275   0.998   1.184   1.539   0.573  -0.248  -1.225   1.087  -0.004   1.494   0.857   0.119   0.652   1.904  -0.012   0.100   0.373   0.351   0.258  -0.096  -0.513   0.166   0.358  -0.806   0.373  -0.441   0.031  -0.014
29:      8.640  -3.398 -10.649  -9.750  -2.077  20.395   0.660  -4.572   8.869  -0.741   4.240  -4.830   0.987   1.415   1.875   0.620  -0.255  -1.276   0.354   0.285   0.843  -0.108   0.308   0.499   1.621  -0.025  -0.822   0.221   0.345   0.558   0.505  -1.600   0.327  -0.320  -1.158   0.170  -0.814  -0.044  -0.027
30:      9.698  -2.927 -12.246 -11.577  -5.800  19.461  -1.357  -3.220   6.435  -2.189   3.903  -2.342   0.945   0.214   2.340   0.426  -0.046  -0.374  -1.765   0.775   0.105  -2.188   1.005  -0.815   1.850  -0.051  -1.744  -0.071   0.650   1.360   1.163  -1.846   0.634  -0.465  -0.865   0.133  -0.999  -0.071  -0.035
31:     11.076   1.365 -10.814 -10.845  -3.164  18.623   1.097  -4.925   6.421   0.234   6.280  -1.586   0.896  -2.933   2.211   2.007   2.573   1.734  -5.222   1.486  -0.204  -2.835   0.825  -2.419   1.800  -0.114  -2.066  -0.628   0.623   1.584   1.049  -1.264   0.528  -0.061   0.015  -0.045  -0.651  -0.083  -0.027
32:      5.687   2.983 -11.562 -11.872  -3.680   9.812   0.689  -6.956  -3.612   1.676  -1.049  -0.645   0.787  -5.363   1.013   3.130   5.136   3.085  -5.355   2.565  -0.309  -2.105   0.526  -2.885   1.457  -0.141  -1.190  -1.092   0.075   0.938   0.348  -0.002   0.162   0.376   1.146  -0.067   0.435   0.032  -0.002
33:     -4.021   4.704  -0.957   3.264   5.532  -0.891   7.066  -3.725  -0.284   1.454  -5.377   3.320   0.498  -6.127  -0.601   2.381   5.072   2.238  -4.168   2.031   0.747  -0.077   0.324  -1.719   1.403  -0.118   0.365  -1.089  -0.918  -0.673  -0.678   1.128  -0.410   0.627   1.356   0.048   1.312   0.245   0.031
34:     -9.571   0.471  -1.525   7.051   5.278   2.442   8.486  -5.363  -0.738  -0.171  -4.694   2.492   0.440  -4.141  -1.713   0.614   3.397   1.113  -2.302   1.312   1.512   2.165   0.921   1.008   2.208  -0.061   1.453  -0.559  -1.122  -1.449  -0.925   1.100  -0.664   0.627   0.839   0.117   1.254   0.320   0.039
35:    -11.932  -0.382  -3.925   5.051   3.548   1.466   7.352  -1.986   4.601   2.778  -0.490   3.859   0.482  -1.720  -1.870  -1.324   0.078  -0.672  -1.110   0.064   2.021   1.812   0.870   2.196   2.650   0.000   1.708  -0.075  -0.650  -1.105  -0.371   0.909  -0.503  -0.073  -0.234  -0.084   0.388  -0.143   0.021
36:    -11.061  -3.037  -7.008   4.218   2.876  -2.875   7.104  -0.268   4.769   5.617   1.548  10.128   0.491  -0.304  -1.145  -0.626   0.388  -0.084  -1.385   0.231   2.189   1.146   0.838   1.426   2.434  -0.007   1.301   0.204  -0.067  -0.467   0.367   0.944  -0.320  -0.799  -0.911  -0.380  -0.768  -0.937  -0.008
37:    -11.877  -2.890  -4.834   5.072   3.374  -3.784   8.076   3.832   6.023   2.912   2.482  12.753   0.473   0.493  -1.262  -0.248   1.052   0.983  -0.080   0.058   0.044  -0.736  -0.057   0.014   0.576  -0.037   0.897   0.260   0.291  -0.010   1.003   0.825  -0.254  -0.920  -0.770  -0.018  -1.063  -1.370  -0.036
38:    -11.120  -3.999  -4.201   8.978   4.947  -1.857   9.278   2.673   4.283   3.951   0.949  10.212   0.408   1.258  -0.996  -0.257   0.575   2.118   1.904  -0.288  -1.496  -1.115  -0.515  -1.743  -1.438  -0.081   0.570   0.024   0.582  -0.012   0.718   0.152  -0.093  -0.201  -0.598   0.209  -0.793  -0.612  -0.018
39:     -9.439  -6.212  -6.569   7.931   7.429   0.556   6.557  -3.238   1.162   3.327  -0.123   6.698   0.336   1.982  -0.645  -0.055  -0.068   3.242   1.370  -0.946  -0.738  -0.909   1.455  -1.535  -2.265  -0.145   0.188  -0.264   0.797  -0.060  -0.235  -1.186   0.089   1.156  -0.386   0.487  -0.373   0.711   0.022
40:     -5.988  -6.355  -7.425   5.665  11.438   4.474   6.425  -4.215   1.626   2.835  -5.866   5.963   0.154   1.803  -1.334   2.189   0.888   2.375  -1.350   0.270   1.573  -1.759   1.127  -1.763   0.795  -0.043  -0.269  -0.379   0.700   0.020  -1.351  -1.939   0.020   1.707  -0.314   0.162   0.292   1.266   0.061
41:     -4.533  -4.935  -3.497   6.389  16.339  -0.098   4.772   3.589   2.809  10.746  -1.786   3.551  -0.124   1.162  -2.411   2.516   0.597  -0.319  -4.382   0.224   4.287  -2.343   1.557  -1.843   3.015   0.052  -0.599   0.039   0.177  -0.328  -2.156  -1.248  -0.172   0.773  -0.103  -1.042   0.755   0.651   0.071
42:     -4.559 -11.309   5.206  14.192  12.366  -8.280  11.522   7.127  -5.335   5.876  -7.036  15.762   0.421   0.325  -2.006   1.960   0.341  -2.856  -4.913  -0.775   4.525  -1.966   0.245  -0.130   2.251   0.124  -0.557   1.061  -0.431  -0.749  -1.712   0.383  -0.363  -0.695   0.632  -1.401   1.302  -0.989   0.018
43:     -4.344 -15.789  -0.306   6.652   5.368 -14.977   5.129  12.525  -7.073   9.592  -8.751  16.873   0.461  -0.272  -0.113   0.946  -1.437  -4.924  -3.090  -1.284   1.649  -1.318  -3.313   1.422   0.263   0.126  -0.053   1.920  -0.054  -0.420  -0.550   1.555   0.111  -1.998   0.896  -1.366   1.142  -1.784  -0.020
44:     -4.460 -10.956   0.778   7.238   2.645 -12.651   2.372  13.944  -3.264   4.639  -3.035  10.559   0.484  -0.267   2.822   0.820  -1.837  -3.883  -0.080  -0.792  -0.583   0.890  -3.443   3.114  -2.775   0.008   0.558   1.530   0.243  -0.155   0.271   1.590   0.206  -1.924   0.385  -0.449   0.124  -1.337  -0.031
45:     -5.945  -5.674   3.448   2.682  -3.419 -13.362   2.925   8.426  -4.817  -5.202   3.323   7.468   0.477   1.190   4.774   2.813  -0.413  -2.558   0.976   0.787  -3.151   0.710  -3.428   2.247  -3.390   0.011   0.842   0.268   0.148   0.274   0.566   1.107  -0.399  -0.485  -0.469   0.738  -0.796  -0.513  -0.015
46:     -5.092  -2.256   7.429   6.989  -2.656  -9.486   8.662   6.260  -2.015  -3.940   2.498   6.590   0.453   2.383   3.200   2.240  -0.944  -2.684   1.002  -0.778  -2.697  -1.054  -1.941   0.077  -2.608   0.028   0.508  -0.839  -0.427   0.207   0.358   0.399  -1.166   0.813  -1.294   0.889  -1.024   0.263   0.008
47:      1.924   3.731  10.435   4.712  -4.771 -11.680   5.918   0.609  -4.145  -3.259  -0.282   1.909   0.531   2.610   1.039   0.974  -0.512  -2.692   1.905  -3.286   0.282  -2.690  -0.373  -1.038  -2.385   0.040  -0.305  -1.024  -0.929   0.227   0.494   0.074  -1.228   1.208  -1.035   0.958  -0.601   0.651  -0.003
48:      3.521   0.341   8.484   1.505 -10.098  -8.480  -3.016   4.369  -8.869  -6.035  -0.847   0.296   0.599   1.562   0.495  -0.396  -0.754  -2.028   1.450  -4.585   1.764  -3.882  -0.523  -0.366  -1.964   0.035  -0.640  -0.041  -0.613   0.662   0.989  -0.166  -0.154  -0.108  -0.036   1.126  -0.356   0.752  -0.018
49:      2.801  -1.776   7.789   2.866 -13.160  -4.340  -7.668  10.781 -14.840  -6.017  -0.192  -1.312   0.604   0.076   1.007  -0.515   0.627  -0.416   1.124  -3.451   0.656  -3.049   0.655  -0.537  -0.456  -0.005  -0.425   0.854  -0.187   0.670   1.458  -0.493   0.940  -2.055   1.114   1.228  -0.458   0.817  -0.026
50:      2.279   2.970   6.772   4.143  -8.603  -5.907  -7.468   9.994 -16.078  -5.177   0.623  -1.619   0.591   0.449   3.012  -0.080   1.797   1.122   0.564  -1.464  -3.424  -1.056   3.178  -1.953   0.187  -0.037  -0.214   0.278   0.387   0.574   1.320  -0.179   1.640  -2.408   1.909   0.567  -0.720   0.818  -0.028
51:      2.923   7.453   8.718   6.530  -7.600  -7.348  -9.110   1.076 -15.784  -0.415  -3.702   0.586   0.507   1.041   4.052  -0.117   1.561   3.020  -0.119  -0.147  -7.398   1.469   3.916  -2.535   0.622  -0.056  -0.515  -1.387   0.183  -0.157   0.786   0.403   1.809  -0.534   1.802  -0.815  -0.323   0.697  -0.016
52:      5.703  10.784   7.622   8.658  -7.267  -4.154  -9.616  -7.897 -13.677   7.052  -8.859   0.285   0.460   0.007   0.365   1.339   1.649   2.852   1.177   1.961  -6.249   3.406   0.683  -2.967   1.586  -0.080  -1.234  -2.858  -0.286  -0.741  -0.023   0.545   1.766   2.040   1.205  -1.719   0.714   0.653   0.001
53:      6.296  14.576   6.777   8.413   1.273  -5.813  -7.329 -17.262  -8.695   7.447  -8.126   0.849   0.388  -2.278  -4.606  -0.309  -0.082   2.651   2.833   3.882  -0.603   3.730  -2.173  -1.644   2.331  -0.065  -1.483  -2.757  -0.741  -0.812  -1.048   0.178   1.259   3.347   0.434  -1.050   1.331   0.209   0.022
54:      0.628   1.231  14.438  11.448   1.219  -0.789   1.448 -12.081  -2.594  -5.694 -11.999   6.181   0.251  -4.062  -6.952  -1.413  -1.088   1.189   1.812   5.350   3.378   3.839  -2.374   1.174   2.598  -0.025  -0.751  -0.534  -1.025  -0.572  -1.443  -0.825   0.408   2.573  -0.234   0.363   1.421  -0.396   0.038
55:     -5.928 -10.799   3.763   4.726   1.412   5.137   4.768   0.151  -2.673  -4.907 -10.352   9.291   0.285  -4.337  -6.074  -2.444  -1.131  -1.391   0.451   4.452   4.522   3.422   0.192   2.048   1.164   0.027   0.379   1.777  -0.135   0.319  -1.190  -1.377  -0.589   0.544  -0.605   0.755   0.749  -0.744   0.033
56:     -8.494 -11.288   2.066   5.063  -1.391  -0.571  11.084   0.285   2.505   1.362  -1.877   9.056   0.385  -2.717  -1.569  -2.718  -0.684  -2.343  -1.755   3.718   4.056   2.390   1.314   2.294   0.192   0.063   1.087   2.443   0.367   0.688  -0.204  -0.924  -1.716  -0.740  -0.637   0.261  -0.491  -0.716   0.015
57:    -10.829  -9.534   0.742   5.952  -4.377  -3.666  10.112  -0.834   5.865   4.881  -2.947   5.229   0.457  -1.056   1.586  -0.329   1.309  -1.535  -2.269   1.752   1.776   1.429  -0.244   1.541  -0.185   0.055   1.148   1.591   0.489   0.464   0.807  -0.474  -2.143  -1.090  -0.371  -0.324  -1.068  -0.511  -0.005
58:    -10.505  -7.249   2.361   7.414  -7.600  -5.161  17.366   8.689   5.087  -4.016  -4.230   9.172   0.482  -0.267   1.435  -0.633   1.134   0.242  -1.448  -1.881   1.052   1.650  -0.848  -1.030  -0.306   0.033   0.774   0.105   0.214  -0.091   1.279   0.146  -1.878  -1.151  -0.197  -0.105  -0.992  -0.580  -0.014
59:    -10.201  -4.890   1.969  10.098  -3.157  -3.911  10.388   4.831   3.180  -3.439  -1.472   8.311   0.512   0.177   0.380  -1.039   0.278   1.352  -2.071  -3.465   0.572   1.937  -0.345  -1.631  -1.142   0.018   0.658  -0.427  -0.071  -0.694   0.950   0.484  -0.833  -0.838  -0.639   0.304  -0.271  -0.459  -0.012
60:    -10.144  -6.434  -1.712   8.658  -0.790  -7.688   1.543   2.715  12.098   1.282  -7.762   5.987   0.524   0.535  -0.443  -1.294  -0.625   2.607  -1.123  -3.065  -1.098   1.150   0.837  -1.079  -2.230   0.009   1.071   0.041   0.006  -0.688   0.185   0.764   0.187  -0.690  -1.533   0.266   0.962   0.006   0.002
61:    -10.126  -8.040  -2.418   6.721  -1.019 -12.759   0.699   5.014  12.044   0.508  -9.337   1.110   0.528   1.832   0.391  -0.356  -1.283   2.033  -0.013  -1.822  -1.337  -1.518   0.436   0.209  -1.517   0.008   1.441   0.400  -0.325  -0.392  -0.775   1.093  -0.096  -0.179  -1.881   0.077   1.690   0.534   0.016
62:     -7.868  -7.887  -1.916   5.977   4.365  -6.349   6.884   3.107   6.403  -1.802  -5.693   1.620   0.520   4.259   1.636  -0.944  -1.527   0.828   1.344  -1.768  -1.443  -4.289   0.093   2.858  -0.088   0.048   1.324   0.198  -0.596  -0.074  -1.843   0.977  -0.925   0.923  -1.330   0.040   1.893   0.489   0.025
63:     -2.178  -2.209   0.289   5.023   4.432  -4.647  -1.392  -2.048  -1.561   0.281  -1.459   2.907   0.552   5.519   1.342  -2.841  -1.229  -1.632   2.161  -4.592  -0.149  -4.747   0.412   4.853   0.455   0.081   0.422  -0.588  -0.572  -0.059  -2.109   0.814  -0.907   1.371  -0.294   0.258   1.376  -0.292   0.019
64:      7.177  -1.167  -7.788   1.871   0.624  -5.022  -6.250  -0.968  -2.543   1.859   2.590   4.648   0.751   5.310   0.072  -3.031  -1.022  -4.776   2.675  -6.305   2.923  -3.885   1.049   6.062  -0.772   0.096  -0.759  -0.930   0.468  -0.105  -1.393   0.814   0.241   1.074   0.584   0.611   0.363  -1.008  -0.002
65:      9.945  -4.688 -13.686   2.627  -7.309  -2.617 -15.696   6.309  -7.218   0.736  10.784   1.872   0.816   3.416  -1.769  -2.171  -1.829  -5.710   3.393  -4.088   3.335  -3.190   1.249   5.486  -2.635   0.080  -1.361  -0.568   1.430  -0.438  -0.127   0.580   1.784  -0.218   0.969   0.681  -0.963  -1.020  -0.017
66:     12.623  -6.289 -10.083   2.063 -13.644   6.012 -17.489  13.542 -10.193   3.214  18.498  -1.722   0.870   1.517  -1.458   1.062  -1.752  -4.099   4.799  -0.815   2.188  -2.147   2.731   4.357  -3.585   0.038  -1.326   0.123   1.466  -0.590   1.086   0.182   2.320  -1.492   1.225   0.396  -1.959  -0.176  -0.022
67:     12.181  -8.491  -9.417  -4.220 -16.984   6.803 -16.213   7.369 -13.685   5.847  18.016  -7.081   0.895   0.613  -0.735   2.264  -3.055  -2.603   3.997   1.582  -0.871  -0.773   2.974   0.890  -3.239   0.025  -0.865   0.694   0.851  -0.504   1.427  -0.281   1.533  -1.662   1.464  -0.348  -2.147   0.871  -0.017
68:     13.642  -6.556  -4.611  -3.467 -15.034  14.261 -10.067   9.440 -10.046  12.960  20.761  -8.802   0.904   0.081   0.169   2.083  -3.360  -0.897   3.286   2.462  -2.436   1.033   2.167  -1.432  -1.351   0.012  -0.521   0.685  -0.191  -0.516   1.030  -0.826   0.303  -1.254   1.249  -1.302  -1.809   1.398  -0.009
69:     12.500  -8.229  -5.102  -9.883 -19.629  13.244 -11.498   4.005 -11.157  10.733  14.103 -10.782   0.923  -0.192   0.887   1.571  -3.546  -0.176   2.744   1.938  -2.662   2.539  -0.207  -2.355   0.603   0.007  -0.350   0.617  -0.587  -0.103   0.798  -0.837  -0.519  -0.241   0.806  -1.441  -0.762   1.350  -0.007
70:     12.870  -5.576  -1.825 -11.906 -16.807  19.221  -7.539   3.044  -6.290  11.608  13.292  -6.626   0.918  -0.686   1.154   0.451  -4.086  -0.161   1.297   0.522  -3.189   2.444  -2.190  -3.064   1.486   0.001  -0.247   0.385  -0.630   0.146   0.567  -1.023  -0.916   0.430   0.117  -1.065  -0.032   0.754  -0.005
71:     11.609  -4.544  -2.954 -17.733 -16.979  18.044  -7.787  -2.741  -2.869   5.488   9.975  -5.154   0.925  -0.753   1.857   0.147  -3.206   1.020   0.807  -0.045  -1.701   2.549  -2.052  -2.106   2.092  -0.005  -0.112   0.207  -0.413   0.518   0.653  -0.944  -0.803   0.993  -0.390  -0.266   0.579   0.212  -0.005
72:     10.657  -2.629  -3.428 -19.973 -17.165  18.344  -9.313  -3.132  -1.969   4.632   7.505  -4.188   0.908  -0.873   1.609  -0.354  -2.799   1.339  -0.861  -1.124  -0.765   1.615  -2.236  -1.719   1.677  -0.008   0.029   0.072  -0.154   0.736   0.683  -0.692  -0.534   1.174  -0.597   0.085   0.997  -0.133  -0.004
73:      9.841  -0.416  -3.564 -21.877 -14.347  17.716 -10.838  -1.414  -0.571   3.961   6.468  -1.540   0.902  -0.660   1.695  -0.091  -1.602   2.339  -0.895  -1.255   1.089   1.004  -1.515  -0.134   1.569  -0.013   0.027  -0.062  -0.132   0.692   0.332  -0.598  -0.414   0.592  -0.803  -0.189   0.962  -0.449  -0.004
74:      9.389   0.403  -3.289 -23.830 -11.428  15.080 -11.635  -1.446   0.636   1.190   6.449  -0.050   0.888  -0.588   1.597  -0.198  -1.206   2.593  -1.311  -1.542   1.287   0.233  -2.033   0.933   1.082  -0.014  -0.009   0.059  -0.065   0.768   0.161  -0.362  -0.179  -0.192  -0.912  -0.430   0.725  -0.549  -0.007
75:      8.943   2.414  -3.478 -23.812  -8.152  15.203 -12.900   1.863   0.847  -0.365   9.835   0.623   0.870  -0.762   1.554  -0.591  -0.541   2.053  -1.956  -1.906   0.231  -0.775  -3.099   1.377   0.145  -0.024  -0.059   0.043   0.116   0.797   0.165  -0.419   0.238  -1.212  -0.822  -0.546   0.056  -0.554  -0.012
76:      8.166   3.942  -4.463 -25.036  -7.299  13.044 -15.991   1.663  -1.514  -3.368  10.487   0.142   0.854  -0.867   1.974  -0.428   0.512   2.284  -2.142  -1.692  -1.298  -2.053  -3.595   1.152  -0.359  -0.037  -0.026  -0.097   0.480   1.070   0.456  -0.148   0.854  -1.590  -0.465  -0.042  -0.406  -0.499  -0.018
77:      6.644   5.584  -5.931 -23.981  -6.145   8.953 -18.190  -1.812  -3.373  -9.257  11.335  -0.909   0.798  -0.816   1.720   0.603   1.527   3.317  -2.576   0.010  -3.679  -1.965  -3.462   0.035  -0.480  -0.062   0.001  -0.425   0.753   1.259   0.658  -0.068   1.382  -1.175  -0.135   0.982  -0.516  -0.084  -0.015
78:      6.205   8.690  -4.203 -21.185  -1.010   7.494 -17.451  -6.099  -7.521 -12.337  11.458  -1.078   0.740  -0.693   1.030   1.603   3.110   4.241  -1.743   1.768  -4.706  -1.500  -2.061  -0.426  -1.100  -0.087   0.017  -0.821   0.523   0.899   0.204  -0.341   1.034  -0.160   0.496   1.953  -0.307   0.302   0.001
79:      5.843   8.643  -0.593 -18.105   5.290   5.097 -12.118 -12.649  -5.973 -13.189   9.525  -1.169   0.617  -0.842  -0.097   2.160   4.454   4.367  -2.497   3.272  -3.940  -1.725   1.042  -0.413   0.096  -0.077   0.109  -0.916  -0.140  -0.116  -0.755  -0.353  -0.426   1.146   1.054   2.405  -0.183   0.220   0.025
80:      5.104   7.563   0.882 -12.422   8.190   6.257 -10.188 -16.448  -7.713 -11.705   9.262  -5.226   0.510  -0.771  -1.223   1.410   3.544   2.780  -3.886   1.848  -1.968   0.306   3.917  -0.159   0.864  -0.026   0.235  -0.759  -0.635  -1.213  -1.607  -0.206  -1.755   1.984   1.626   1.911  -0.482  -0.097   0.041
81:      2.986   5.660   2.329  -6.091  11.089  -2.915  -5.462 -16.339 -11.903  -4.363  10.368   1.646   0.530  -0.234  -1.734   0.000   0.728   0.274  -3.271  -2.158   0.684   2.404   5.577  -1.011  -0.363   0.033   0.363  -0.393  -0.677  -1.625  -1.800   0.586  -2.173   1.929   1.808   0.560  -0.858  -0.803   0.033
82:      3.778   4.066   1.385  -9.473   9.992  -7.933 -11.539 -14.093  -3.024   2.835  10.243   1.833   0.653   0.177  -1.948  -0.491  -1.089  -1.746  -2.384  -4.294   2.902   4.566   5.225  -2.535  -1.356   0.062   0.227   0.214  -0.273  -0.741  -1.082   1.083  -0.674   1.077   0.811  -0.795  -1.053  -0.499   0.006
83:      5.337   1.720  -0.844 -15.939   5.761  -4.166 -22.231 -10.408   3.703   7.424   3.978  -6.515   0.711   0.499  -1.700  -0.273  -1.352  -2.370  -0.319  -4.524   3.271   5.185   3.190  -3.513  -2.809   0.044  -0.364   0.897   0.173   0.812  -0.021   0.721   1.853   0.283  -0.608  -1.916  -0.476   0.861  -0.022
84:      4.812  -0.207   0.015 -12.944   2.124  -5.040 -23.274  -4.903   7.316   8.528  -0.221  -7.923   0.732  -0.000  -0.172   0.184   0.878  -1.306   0.050  -0.341   2.122   2.970   1.133  -4.172  -0.407  -0.003  -1.079   1.162   0.082   1.395   0.818   0.321   3.296  -0.013  -1.549  -1.984   0.514   1.743  -0.032
85:      4.965  -0.704   1.648 -11.117   3.176  -5.955 -22.213  -4.579   8.853   8.739  -1.966  -7.522   0.712  -1.965   1.865   0.527   3.803  -0.049  -0.881   5.130   2.488   0.161  -1.959  -2.571   3.468  -0.047  -1.540   0.832  -0.106   0.913   1.083   0.030   3.133   0.263  -1.644  -1.356   1.325   1.677  -0.019
86:      3.962   4.419   1.058  -7.497   4.754  -6.790 -13.254  -6.395   9.251   7.844  -7.642   0.301   0.640  -3.985   2.081  -0.481   3.310   1.185  -0.498   7.361   3.231  -0.669  -2.122  -0.436   4.219  -0.053  -1.361  -0.136  -0.110  -0.234   0.815   0.244   1.188   0.451  -1.081  -0.541   1.728   0.368   0.007
87:     -4.064   8.732   1.268   0.354   4.202  -7.698  -1.590   2.779   3.541  -2.028  -5.165   6.714   0.525  -5.206   1.335  -0.469   1.998   1.798   0.106   7.293   4.032  -1.215  -1.962   1.246   3.262  -0.024  -0.296  -0.680   0.211  -1.028   0.567   0.534  -0.907  -0.321  -0.325   0.404   0.988  -0.977   0.026
88:    -10.596   5.482  -2.201  -2.131   7.538  -6.656   3.219   7.573   6.627   3.300  -0.803   6.051   0.560  -5.185  -0.586   0.133   0.609   1.845   0.777   4.517   3.605  -1.748  -1.569   2.562   1.536   0.019   0.766  -0.472   0.590  -0.809   0.069   0.302  -2.022  -1.259  -0.078   0.489   0.103  -1.224   0.025
89:    -13.787   5.441   0.931  -3.812  10.776  -5.490   6.013   8.597   4.088   1.201   0.843   5.914   0.633  -2.845  -0.201   1.273   0.012   2.455   1.152   2.016   0.697  -0.926  -0.216   0.869  -0.074   0.046   1.333  -0.000   0.458  -0.319  -0.360  -0.179  -2.214  -1.529   0.211   0.414  -0.456  -0.869   0.009
90:    -17.101   3.135   1.891  -2.370  10.693  -4.007   5.531   8.720   0.238  -1.615   2.164   8.379   0.680  -1.334   0.488   1.595   0.258   1.204   0.487  -0.112  -1.398  -1.203  -0.551   0.266  -0.231   0.035   1.080   0.264   0.049  -0.130  -0.662  -0.599  -1.628  -0.979   0.488   0.342  -0.525  -0.536  -0.007
91:    -15.035   8.901   5.588   0.531  14.900  -3.261   7.334   5.693   2.103  -0.650  -2.304   5.182   0.695  -0.469   0.798   1.087   0.576   0.320  -0.641  -1.462  -1.113  -0.432  -0.401   0.113  -0.201   0.015   0.310  -0.011  -0.371  -0.149  -0.702  -0.536  -0.936   0.155   0.428   0.248   0.146  -0.075  -0.015
92:    -16.641   6.190   3.447  -3.013  11.495  -5.334   1.998   2.037   1.604   1.472   2.102   5.262   0.701  -0.972   0.234   0.470  -0.321  -0.396  -1.320  -1.883  -0.385   0.444   0.235   0.314  -1.079   0.002   0.064   0.150  -0.167  -0.101  -0.216   0.132   0.100   0.685   0.412   0.473   0.085   0.062  -0.018
93:    -16.361   7.904   5.590  -0.611  11.972  -8.034   0.471   6.376   1.246  -2.347   1.438   6.465   0.699  -1.474  -0.127  -0.018  -0.446  -0.254  -0.622  -1.779   0.965   0.390   0.631   1.576  -0.025  -0.012   0.339   0.437   0.148   0.017   0.124   0.711   0.843   0.397   0.073   0.529  -0.115   0.012  -0.029
94:    -21.298   4.806   4.243  -3.403  10.174  -8.220  -0.450   6.451   2.884   0.411   1.861   2.339   0.687  -0.511   1.702   1.314   0.264   0.409   1.138   0.547   0.988   0.447   1.297  -0.040  -0.010  -0.041   1.036   0.519   0.066   0.662   0.220   0.960   1.248  -0.152  -0.234   0.351  -0.253   0.172  -0.052
95:    -20.078   8.958   5.101  -1.502  14.288  -4.928  -0.339   8.312   3.415   3.038   5.697   6.520   0.643   0.997   2.252   1.403   0.368   0.539   1.683   1.537   0.185  -0.070   1.711  -0.287  -0.674  -0.110   1.287  -0.008  -0.297   1.040  -0.191   0.607   1.080  -0.715  -0.202  -0.110  -0.379  -0.196  -0.060
96:    -17.338  14.172  10.263  -1.246  12.384  -1.199   5.139   6.008   2.753   5.266  -0.229   5.185   0.523   2.973   1.641   0.089   2.581   0.308   2.326   2.701  -0.755  -0.497   1.450  -0.019   0.105  -0.209   0.817  -0.949  -0.837   1.038  -0.660  -0.110   0.319  -0.747   0.080  -0.535   0.191   0.062  -0.038
97:    -13.355  14.479   9.597   0.150  13.561  -3.130   5.364   7.524   0.960   3.778   1.047   1.671   0.232   3.218  -0.135  -0.888   3.598  -1.158   1.817   2.543  -1.739  -0.148   0.006  -0.328  -1.063  -0.226   0.014  -1.567  -0.757   0.156  -0.419  -0.826   0.009  -0.232   0.170  -0.898  -0.147   0.365   0.030
98:     -9.797  10.250   2.438   8.676  12.076   2.513  10.204   3.073   1.626   7.289   4.092   5.291  -0.151   2.462  -1.850  -1.725   3.840  -2.044   0.521   1.640  -1.786   0.886  -0.524   0.936   0.494  -0.173  -0.556  -1.258  -0.199  -1.455  -0.079  -1.751  -0.700   0.305   0.135  -0.723  -0.607   0.270   0.110
99:     -7.758  10.244   4.575  11.526   8.654   2.302   9.843   1.084   3.240   2.056   1.897   1.151  -0.151   1.321  -3.837  -1.477   0.519  -0.381  -1.545   2.113  -0.457   0.088  -1.792  -1.500   0.955   0.024  -0.334  -0.508   0.005  -2.507   0.093  -1.603  -1.670   0.520   0.372   0.129  -0.743  -0.022   0.141
100:    -7.826   7.041   4.149  12.268   4.615  -1.308  11.099   0.297   6.043   3.507   4.026   7.916  -0.151   1.142  -2.798  -0.612  -3.153  -0.475  -4.748  -0.585   0.127   0.059  -1.265  -2.466   0.446   0.218   0.298   0.127   0.089  -2.440  -0.289  -0.157  -2.373   0.425   0.845   0.681  -0.422  -1.301   0.112
101:    -7.733  -3.101   1.359   0.950  15.388  -8.946  15.480   6.628  -0.807  -3.292  -6.418   5.135   0.354   2.208  -2.198  -1.417  -5.442  -1.477  -3.561  -4.695  -0.096   2.127   1.020  -2.344  -1.151   0.281   0.665   0.527  -0.095  -0.957  -1.215   1.684  -2.244   0.023   1.303   0.964   0.702  -1.946   0.027
102:    -4.099   2.931   0.986  -1.798   6.337 -15.602   4.462   0.935   3.944   3.635  -4.083   5.526   0.685   3.509  -2.035  -1.307  -5.382  -2.939   0.746  -6.820   0.157   4.092   1.474  -0.754  -4.958   0.259   0.319   0.015  -0.302   0.486  -0.892   2.621  -0.408   0.088   0.547   0.176   1.047  -1.830  -0.044
103:     1.418   1.307  -0.930  -8.650   0.409  -8.357 -10.316   0.285  14.926   7.093  -5.770  -3.408   0.835   3.462  -1.583  -1.603  -3.153  -5.224   4.128  -5.989  -0.359   4.586   1.659   1.154  -6.073   0.140  -0.379  -0.017  -0.131   1.596   0.218   1.706   1.868   0.160  -0.874  -0.647   1.081  -0.589  -0.068
104:     5.141  -5.338  -1.243  -9.840  -2.592   2.130 -10.105   4.253  18.638   5.685  -0.066 -12.600   0.902   2.111  -3.033  -2.031  -1.866  -3.062   4.514  -1.980   0.697   1.564  -0.707   1.020  -6.244   0.068  -0.890   0.281  -0.165   1.693   1.254   0.076   2.703  -0.268  -1.739  -0.748   0.505   1.012  -0.058
105:     4.958  -6.882  -5.543 -10.792  -6.269   2.829  -7.184   3.177  14.779   3.980  -2.659 -16.167   0.947   1.012  -1.787  -1.712   0.778  -0.327   3.083   2.222   0.435  -0.978  -1.123   2.174  -3.452   0.036  -0.832   0.541  -0.000   1.151   1.809  -0.713   2.271  -0.671  -1.464  -0.466  -0.009   1.793  -0.030
106:     4.685  -8.137  -6.863 -10.057  -5.636   1.377  -7.004   2.976  11.838   1.656  -0.541 -19.313   0.967   0.282  -0.526  -2.076   1.120   0.884   1.650   2.587  -1.581  -1.820  -0.875   1.260  -1.210   0.023  -0.482   0.762   0.077   0.579   1.042  -0.652   1.142  -1.098  -0.430   0.021  -0.465   1.921  -0.016
107:     6.707  -6.226  -6.678  -4.649   0.295   7.432  -0.754   3.099  13.435   3.490   5.336 -17.312   0.984   0.218  -0.132  -1.583   1.112   1.847   1.996   3.080  -2.574  -1.041  -0.589   0.987   0.377   0.011  -0.296   0.313   0.014  -0.129  -0.025  -0.552  -0.007  -0.956   0.201  -0.141  -1.076   1.188  -0.010
108:     5.678  -8.298 -11.056  -7.311  -1.452   8.077  -0.382  -3.615  10.212   1.555   2.235 -18.079   0.998   0.097  -0.051  -1.710   0.862   1.060   1.797   3.300  -3.288  -0.554  -0.869  -0.713   1.448   0.002  -0.139   0.003   0.240  -0.124  -0.485  -0.512  -0.411  -0.180   0.459  -0.251  -0.814   0.522  -0.008
109:     5.553  -7.463 -11.360  -6.606   0.873   9.458   4.908  -6.396  10.388   1.088   0.890 -14.900   0.988  -0.375  -0.459  -1.822   0.262  -0.539   0.250   1.830  -3.490  -0.606  -1.832  -2.222   1.158  -0.005  -0.050  -0.106   0.333  -0.073  -0.621  -0.617  -0.835   0.426   0.336  -0.116  -0.338  -0.044  -0.005
110:     5.745  -7.773 -13.073  -4.771  -0.624   9.348   6.665  -8.716  10.590  -1.487  -1.882 -13.281   0.974  -0.115  -0.346  -0.756   0.923  -0.349  -0.037   1.158  -2.021   0.257  -1.506  -1.205   1.011  -0.009   0.106  -0.053   0.587  -0.030  -0.163  -0.364  -0.764   0.858   0.295   0.330   0.450  -0.265  -0.003
111:     4.800  -8.783 -14.779  -4.608  -2.817   8.045   4.872 -11.802  10.215  -4.149  -3.716 -13.921   0.972   0.073  -0.515  -0.395   0.717  -0.554  -0.173  -0.025  -1.075   0.231  -0.851  -0.457   0.374  -0.009   0.328   0.065   0.657  -0.083   0.221   0.083  -0.314   0.943   0.177   0.778   0.800  -0.099  -0.002
112:     5.479  -9.367 -13.128  -3.695  -1.354   8.596   5.427 -11.018  11.582  -3.356  -1.488 -13.515   0.960   0.404  -0.289   0.512   0.485   0.255   0.187   0.410  -0.207   0.503   0.291   0.653   0.516  -0.009   0.401   0.101   0.367  -0.476  -0.071   0.058  -0.219   0.474  -0.267   0.675   0.569   0.102  -0.005
113:     6.052  -9.240 -13.305  -3.557  -1.534   8.967   5.403 -10.619  11.049  -2.234  -1.591 -12.913   0.950   1.005  -0.162   0.828   0.064   0.262   0.551   0.633   0.315   0.155   1.161   0.847   0.912  -0.017   0.480   0.216   0.274  -0.633  -0.397  -0.002  -0.120   0.200  -0.562   0.473   0.535   0.455  -0.010
114:     7.136  -8.991 -11.249  -2.872   0.008   9.820   8.447 -10.343  12.687  -0.988   0.318 -11.207   0.942   1.425  -0.018   0.466  -1.132  -1.115  -0.108  -0.264  -0.346  -1.041   0.862   0.987   1.251  -0.030   0.323   0.837   0.287  -0.052  -0.194  -0.200  -0.364  -0.020  -0.759   0.074   0.050   0.590  -0.026
115:     8.994  -9.780 -11.577  -4.697  -2.189  10.189   6.529 -10.562  10.435   0.473  -0.382 -10.514   0.894   1.965   0.431   0.998  -1.640  -1.854  -0.035  -0.287  -0.004  -1.805   1.228   2.049   2.279  -0.048  -0.518   1.467   0.611   0.938   0.686  -0.435  -0.322   0.284  -0.705  -0.465  -0.545   0.244  -0.053
116:    11.133  -9.186 -11.661  -8.782  -6.599   7.445   3.543 -12.778   6.684  -0.398   2.844  -8.457   0.839   1.537   3.598   1.865   1.079   0.341  -0.519  -0.949  -0.146  -2.315   0.628   0.300   2.782  -0.125  -1.536   1.437   0.794   1.810   1.494  -0.464   0.109   0.794  -0.235  -0.692  -1.353  -0.340  -0.069
117:    13.879  -6.986  -8.110  -8.804  -7.502   9.979   6.421  -9.423   5.027   3.609   7.394  -2.891   0.762  -1.643   5.365   3.186   3.649   2.963  -1.420  -0.634   1.634  -2.731  -1.048  -1.536   1.368  -0.237  -2.151   0.468   0.397   1.588   1.230  -0.588   0.444   0.895   0.549  -0.469  -1.384  -0.787  -0.053
118:    12.379   7.601  -3.659   4.575   4.368   7.328   3.755 -11.642   3.816   0.585  -2.068  -1.108   0.381  -4.452   4.699   3.344   5.272   3.947  -1.734   0.456   2.804  -1.752  -1.461  -3.982   0.009  -0.280  -1.600  -1.143  -0.078   0.079  -0.176  -0.401   0.699   0.623   1.215   0.219  -0.131  -0.703   0.002
119:     0.157   8.653   0.352   6.871   7.143   3.145   3.251  -2.962  -1.788  -5.259  -5.608  -7.347  -0.062  -5.798   2.220   2.242   4.202   2.491  -2.367   1.230   2.998   0.658  -0.072  -2.731  -0.268  -0.236   0.116  -1.642  -0.568  -0.920  -1.096   0.082   0.533  -0.189   1.614   0.960   1.017   0.068   0.060
120:    -4.265   6.489   0.826   9.738   5.815   2.192   7.406  -1.990   1.332  -3.270 -10.568  -6.186  -0.151  -4.387  -0.545   1.945   1.196  -0.303  -2.050   1.614   2.288   2.065   1.235   0.241   0.084  -0.115   1.348  -1.082  -0.769  -1.300  -1.131   0.290   0.032  -0.390   0.957   0.837   1.665   0.595   0.078
121:    -6.788   4.669   0.859   9.623   4.230   0.713  10.744   0.744   9.562   5.176  -2.009  -1.692  -0.151  -1.096  -0.220   1.043   1.088  -0.391  -0.852   1.454   0.946   3.429   2.402   1.437   1.672  -0.018   1.882  -0.428  -0.826  -0.987  -0.619   0.344  -0.491  -0.610  -0.464  -0.197   0.772   0.530   0.066
122:    -6.086   6.867   5.815   9.176   4.308  -1.708   8.078  -2.056   8.466   1.541  -2.664  -3.517  -0.151  -0.061   0.511   0.097   0.326  -0.267  -1.042   0.503   1.878   1.649   1.486   2.260   2.015   0.000   1.704  -0.173  -0.895  -0.856  -0.325   0.244  -0.646  -0.527  -1.070  -0.847  -0.364   0.182   0.053
123:    -4.414   7.362   3.074  12.593   5.942   0.834  10.182   1.799  11.792   4.344  -2.376  -0.319  -0.151   1.448  -0.450  -0.963  -0.300  -0.620  -1.151  -0.671   0.154  -1.452  -1.183   0.120   1.417   0.036   1.377  -0.231  -0.559  -1.635  -0.796   0.204  -0.557  -0.512  -1.062  -1.218  -0.875  -0.483   0.055
124:    -5.754   7.697   0.202   9.885   3.627  -3.079  10.201   6.874   8.460   4.577   0.913   3.200  -0.151   2.863  -1.296  -1.524  -2.390  -1.815  -0.679  -0.552   0.050  -0.846  -1.206  -0.920   1.120   0.124   1.268  -0.017  -0.169  -2.083  -1.241   0.692  -0.487  -0.370  -0.234  -0.973  -0.620  -1.060   0.060
125:     0.287   2.001  -1.151   7.767   1.468  -4.359   6.325  -2.954   2.304  -2.258  -3.196   2.037   0.030   4.328  -0.472  -0.941  -5.728  -3.595  -0.013  -0.804  -0.699  -0.634  -2.341  -1.347  -0.297   0.197   0.488   0.549   0.018  -1.810  -1.189   0.975  -0.514   0.615   0.297  -0.338   0.439  -1.367   0.036
126:     5.876   3.066   0.307  -0.360  -2.529  -2.506   7.245   0.570   8.982  -1.188  -6.855   0.905   0.379   4.841   0.439  -0.761  -7.373  -4.986   1.850  -1.867   0.453   0.069  -2.802  -0.107  -2.430   0.219  -0.522   0.556  -0.102  -0.480  -0.419   0.839  -0.638   0.876  -0.350  -0.243   1.083  -1.263  -0.009
127:    11.411   7.319  -1.682 -10.925  -8.956   0.481   7.643   1.457   8.359  -4.481  -5.226  -0.657   0.568   2.900   1.427  -1.256  -6.861  -4.978   2.458  -2.583   3.027  -0.424  -2.073   1.906  -3.644   0.167  -1.305  -0.001  -0.250   1.216   0.861   0.481  -0.217   0.765  -0.655   0.125   0.999  -0.422  -0.041
128:    12.888   7.234  -3.339 -17.633 -16.092   3.753   0.209   6.932   5.776  -8.321   1.395  -7.602   0.673   0.969   0.533  -1.876  -4.221  -3.218   2.280  -2.853   2.568  -2.700  -2.554   2.869  -3.523   0.092  -1.364  -0.456  -0.155   2.156   1.752   0.124   0.626  -0.018  -0.575   0.339   0.262   0.744  -0.047
129:    11.282   7.054  -5.607 -17.903 -16.638   4.800  -3.071   8.999   1.785  -9.057   2.211 -11.929   0.721  -0.263  -0.524  -1.633  -1.225  -0.176   2.177  -1.398   2.069  -2.527  -1.842   2.160  -1.858   0.056  -0.770  -0.699   0.081   2.029   1.709   0.097   1.031  -0.865  -0.073   0.402  -0.412   1.400  -0.033
130:    10.784   5.862  -7.112 -17.978 -14.776   6.732  -1.662   9.637  -1.230 -11.669   3.772 -11.074   0.762  -0.399  -0.866  -1.348   0.588   1.375   2.612   0.669   0.839  -1.753  -1.225   1.079   0.397   0.037  -0.280  -0.569   0.211   1.353   1.019   0.203   0.857  -1.159   0.411   0.675  -0.517   1.278  -0.017
131:    11.148   5.386  -7.960 -16.878 -10.496   9.874   1.591  10.450  -0.771 -12.018   4.386  -8.213   0.803  -0.267  -1.369  -1.118   0.878   1.271   2.777   0.811  -0.434  -1.261  -0.726   0.743   1.394   0.028  -0.069  -0.494   0.159   0.673   0.232   0.133   0.192  -1.381   0.232   0.667  -0.236   0.579  -0.010
132:    10.958   3.738  -8.901 -15.203 -12.288  14.277   1.222  10.404  -1.711 -12.964   5.701  -7.477   0.816  -0.428  -1.889  -1.078   1.491   1.155   2.992   0.329  -1.975  -1.278   0.261   0.995   1.239   0.020  -0.040  -0.495   0.196   0.352   0.117  -0.148  -0.359  -1.202   0.171   0.760  -0.055  -0.251  -0.005
133:     9.857   1.269 -10.301 -14.898 -11.528  14.911  -0.456   6.448  -4.282 -12.038   4.962  -6.758   0.833  -0.593  -2.480  -0.971   1.689   1.093   2.650  -0.267  -3.426  -1.604   0.749   1.021   0.614   0.017  -0.010  -0.359   0.306   0.323   0.207  -0.438  -0.463  -0.622   0.393   0.772  -0.193  -0.753  -0.003
134:     9.288  -1.527 -11.331 -11.511  -8.485  19.175   1.009   1.764  -5.864 -10.352   8.456  -5.609   0.849  -0.435  -2.787  -0.441   1.943   2.047   1.936  -0.585  -3.674  -0.727   1.839   0.664  -0.469   0.016   0.024  -0.132   0.369   0.138   0.091  -0.952  -0.530   0.152   0.703   0.539  -0.696  -0.908  -0.002
135:     9.019  -4.383 -11.598 -10.279  -6.933  20.674   0.363  -2.362  -6.714  -9.580   8.111  -6.075   0.870  -0.312  -2.718   0.095   2.270   1.862   1.115  -1.045  -2.692   0.428   2.345  -0.058  -1.518   0.014   0.007   0.148   0.389   0.018  -0.075  -1.306  -0.367   0.826   0.942   0.198  -0.990  -0.652  -0.003
136:     9.203  -7.372 -10.458  -7.799  -4.351  21.073  -2.114  -3.562  -4.128  -5.001   7.447 -10.162   0.879  -0.448  -2.431   0.237   1.891   1.227  -1.002  -1.933  -1.583   1.221   2.158  -1.948  -2.236   0.011  -0.101   0.382   0.269  -0.129  -0.418  -1.373  -0.100   1.110   0.668  -0.383  -1.034  -0.059  -0.004
137:     8.338  -9.396 -10.264  -5.405  -4.286  19.539  -4.119  -4.351  -3.010  -2.988   5.175 -12.072   0.890  -0.554  -1.920   0.637   1.803   1.129  -2.412  -1.427  -0.341   2.133   1.579  -2.622  -1.762   0.005  -0.087   0.562   0.310  -0.125  -0.430  -1.021   0.472   1.137   0.481  -0.743  -0.594   0.598  -0.005
138:     7.390 -11.173 -10.814  -4.493  -3.674  14.735  -6.414  -5.157  -1.609  -2.858   0.184 -13.789   0.894  -0.820  -1.274   0.632   1.528   0.323  -3.166  -0.893   0.698   1.762   0.308  -3.224  -0.642  -0.001  -0.019   0.593   0.356  -0.042  -0.611  -0.457   0.935   0.886   0.226  -0.953   0.021   0.968  -0.006
139:     7.156 -12.084  -8.236  -2.914  -1.628  11.784  -4.624  -3.268   2.689  -2.756  -1.368 -13.072   0.887  -0.560  -0.485   1.449   1.827   0.166  -2.907   0.794   1.851   2.561  -0.446  -2.393   0.675  -0.006   0.076   0.516   0.269  -0.085  -0.923  -0.136   0.836   0.450  -0.231  -0.841   0.314   0.922  -0.007
140:     5.694 -12.398  -8.314  -1.403  -4.066   9.120  -6.329  -0.615   1.835  -3.577  -5.403 -12.871   0.874  -0.542  -0.185   1.612   1.668  -1.347  -3.038   1.631   1.752   2.138  -1.594  -1.959   1.384  -0.015   0.228   0.512   0.262  -0.149  -0.832   0.001   0.467   0.062  -0.575  -0.365   0.515   0.626  -0.009
141:     6.387 -11.208  -4.268   2.185  -3.261   7.813  -0.191   2.633   8.073  -4.859  -3.995  -9.158   0.868  -0.311   0.117   1.490   1.310  -2.650  -3.157   1.490   1.384   0.789  -1.675  -1.683   1.834  -0.023   0.245   0.690   0.022  -0.146  -0.177   0.023  -0.010  -0.318  -1.081   0.314   0.377   0.302  -0.015
142:     5.065 -12.535  -4.737   1.296  -9.595   1.530  -0.476   0.653   6.391  -9.776  -8.296  -8.827   0.830   0.197   0.983   1.923   1.043  -2.429  -3.036   1.095   1.243  -0.226  -0.905  -1.005   1.908  -0.035   0.027   1.085  -0.172   0.095   1.332   0.020  -0.047  -0.450  -1.310   0.975   0.491   0.374  -0.027
143:     5.915 -11.429  -2.576   2.286 -12.112  -0.207  -0.102   3.017   4.356  -8.031  -8.336  -5.925   0.792   0.297   2.380   1.404   1.410  -0.178  -2.791   1.014   0.516  -1.660   0.777  -0.986   1.922  -0.072  -0.821   1.227   0.081  -0.136   2.300   0.572  -0.251  -0.754  -0.830   0.997   0.863   0.415  -0.039
144:     6.915  -7.371   0.455   3.762 -11.786  -2.052  -0.901   5.409   2.566  -6.515  -8.255  -4.950   0.736  -0.712   4.109   0.793   2.091   4.075  -3.120   1.633  -0.062  -3.189   2.054   0.146   3.207  -0.125  -1.546   0.522   0.352  -0.733   1.796   1.383  -0.332  -0.685   0.267   0.813   1.027   0.297  -0.025
145:     6.947  -1.888   0.157   7.999  -3.058  -4.350   5.093   2.837   1.685  -2.603  -8.943  -1.488   0.554  -3.963   4.688   2.459   0.105   5.597  -0.258  -0.035  -1.736  -1.879   1.830   2.057   3.260  -0.174  -1.579  -0.704   0.504  -1.446  -0.056   1.779  -0.404  -0.322   1.405   0.399   0.914  -0.146   0.014
146:     0.990   3.237  -2.137   8.893   6.254 -11.999   5.092   0.433  -8.216  -2.218  -7.264   4.991   0.324  -5.401   2.441   3.154  -1.970   3.663   2.610  -0.043  -1.057   1.217   2.634   2.609   2.726  -0.111  -0.665  -1.885   0.050  -1.380  -2.156   1.531  -0.037  -0.048   1.928   0.189   0.338  -0.667   0.057
147:   -10.937   6.706  11.017   0.247   6.853   3.478  -3.273  -3.172   0.354  -1.029   1.454   5.404   0.129  -5.255  -0.308   2.743  -3.792  -0.254   3.242  -0.168  -0.598   3.163   2.483   2.355   1.432  -0.008   0.711  -2.217  -1.143  -0.045  -2.796  -0.046   1.076   0.138   0.826   0.043  -0.363  -0.551   0.074
148:   -11.149   0.539  10.794  -2.213   1.572   7.081   3.069   3.129   9.318   5.866  -0.409   5.233   0.393  -3.390  -2.821   0.903  -2.863  -3.779   2.788   1.516  -0.869   3.932   2.675   1.689   0.787   0.079   1.236  -1.311  -1.485   1.429  -1.625  -1.333   1.066   0.088  -0.557  -0.650  -0.649  -0.554   0.041
149:   -13.261  -2.081   7.407  -5.406  -1.987   2.320   5.266  -1.499   8.734   5.769  -0.597   5.552   0.479  -1.415  -3.765  -2.129   0.329  -4.664  -0.575   4.566  -1.139   0.896   2.022   0.700   1.473   0.101   1.210  -0.128  -0.952   2.255   0.400  -1.551   0.193   0.397  -1.117  -0.780  -0.765  -0.794  -0.002
150:   -14.800  -6.472   4.186  -2.596  -8.222   2.519   8.405  -4.748   7.254   7.760   2.205   8.854   0.546  -1.140  -2.383  -1.836   3.115  -2.255  -2.149   2.921  -0.345  -0.432  -0.386   0.191  -0.066   0.039   0.857   0.912  -0.035   1.683   2.047  -1.120  -1.038   0.799  -0.912  -0.894  -0.765  -0.931  -0.030
151:   -16.187  -8.611   3.677   2.082 -11.572   2.884  16.891  -4.928   5.866   8.136   3.648  10.959   0.556  -0.333  -1.168  -0.648   4.495   0.986  -2.046   0.096   1.127  -0.242   0.114  -0.720  -2.109   0.003   0.576   1.178   0.539   0.377   2.179  -0.245  -2.006   0.909  -0.091  -0.732  -0.505  -0.867  -0.034
152:   -15.384  -8.113   3.477   9.620  -4.911  -3.947  11.860   3.116   8.592   2.754  -1.576   2.202   0.549   0.355   0.439  -0.013   3.469   3.633  -2.079  -1.441   1.992  -0.059  -0.840  -1.424  -2.078  -0.024   0.481   0.788   0.134  -0.900   1.002   0.218  -1.469   0.216  -0.095  -0.294  -0.113   0.030  -0.020
153:   -14.634  -7.101   4.522  10.960   1.288  -4.676   4.019   0.203   6.854   8.844  -2.307  -1.669   0.490   0.720   0.717  -0.348   2.039   3.288  -1.833  -3.283   2.237   0.255  -1.409  -1.018  -1.854  -0.037   0.283   0.472  -0.272  -1.314  -0.216   0.383  -0.353  -0.482  -0.357  -0.367   0.436   0.954  -0.010
154:   -13.802  -5.032   3.700  10.312   3.513  -4.094   7.637   2.648   6.467   3.207  -1.939   4.779   0.461   0.740   0.613  -1.318  -0.159   1.603  -1.166  -2.733   0.179  -1.157  -1.093  -0.224  -0.042  -0.041   0.016   0.121  -0.345  -0.949  -0.728   0.596   0.442  -0.720  -0.330   0.087   0.658   1.077  -0.002
155:   -13.379  -6.568   1.828  11.932   0.655  -6.210   2.585   6.488   8.204   0.865  -1.259   0.402   0.417   0.890   1.106  -1.356  -0.263   0.919  -0.587  -1.024  -0.378  -1.480  -1.595   0.858   1.643  -0.036  -0.121   0.073   0.029  -0.427  -0.396   0.798   0.973  -0.730  -0.037   0.387   0.175   0.760   0.003
156:   -12.313  -5.315  -1.763   8.340   3.423  -9.012  -1.088   0.870   2.133   1.279  -3.221   0.954   0.380   0.351   0.849  -1.233  -0.125   1.176   0.279  -0.360  -0.300  -0.839  -0.311   0.929   1.560  -0.035   0.205   0.230   0.372  -0.097  -0.354   0.734   0.761  -0.379   0.267   0.327  -0.351  -0.173   0.010
157:   -10.927  -1.431   0.473  10.632   5.926  -5.152   3.262  -0.798   1.623   1.834   2.623   8.458   0.348   0.308   0.964  -0.245  -0.115   1.519   1.433   0.395  -1.173  -0.090   0.135  -0.720   1.144  -0.024   0.915   0.068   0.074  -0.210  -0.711   0.114   0.117  -0.466  -0.041   0.131  -0.656  -1.083   0.018
158:   -13.271  -3.353  -1.786  10.335   6.758  -3.230   5.501   4.793   5.564   1.169   0.767   8.550   0.322   2.057   1.835  -0.012  -0.715  -0.467   1.494   0.363  -1.319  -0.516  -0.321  -1.191  -0.660   0.003   1.615  -0.268  -0.139  -0.390  -1.058  -0.301  -0.527  -0.396  -0.410  -0.243  -0.257  -1.346   0.025
159:   -11.359  -2.728   0.612  10.359   6.582  -1.935   1.267  -1.339   6.040   1.595  -6.851   2.326   0.325   4.612   0.955  -1.598  -1.015  -1.816  -0.623  -0.802  -2.198  -1.845  -0.936  -1.363  -2.663   0.035   1.333  -0.816  -0.235  -0.454  -1.035  -0.207  -1.000   0.394  -0.402  -0.262   0.560  -1.159   0.024
160:    -1.813   4.509  -1.891   4.899   0.758  -3.150   1.726  -5.455  -2.656  -0.204  -4.438   0.722   0.406   6.273  -0.485  -1.250  -1.626  -2.448  -0.197  -2.395  -1.767  -2.010  -0.991  -0.036  -3.268   0.060  -0.015  -1.194   0.156  -0.267  -0.276   0.420  -1.122   1.052   0.139  -0.005   0.723  -0.536   0.012
161:     6.405  -0.589  -7.462   8.273  -0.152  -8.307   1.140  -6.665  -3.493  -2.161  -1.588  -0.942   0.479   4.866  -1.955  -0.799  -1.931  -2.666   1.246  -3.225   1.022  -1.351  -0.841   1.501  -3.347   0.066  -1.397  -0.557   0.714  -0.190   0.382   0.945  -0.680   1.275   0.376   0.262   0.538   0.147  -0.004
162:     9.210  -6.846  -3.999   3.246  -2.114  -1.029  -6.410  -1.379   0.278  -1.906  -2.046  -6.156   0.547   1.854  -2.680   0.370  -1.591  -1.424   2.660  -4.037   2.329  -0.067  -0.395   0.990  -2.998   0.046  -1.874   0.517   0.532   0.263   0.977   0.267   0.263   0.745   0.053   0.455   0.257   0.708  -0.016
163:     7.462  -6.828  -2.328   1.532  -5.310   3.235 -10.787   1.731  -2.182  -1.759  -0.540 -10.971   0.584  -0.163  -0.734   1.161  -1.983  -0.419   2.673  -3.379   2.130  -0.936   0.073   0.813  -2.064   0.023  -1.326   1.129   0.213   0.573   1.165  -0.738   0.946  -0.276  -0.365   0.713  -0.215   1.021  -0.021
164:     6.928  -5.770  -2.606   0.315  -3.784   4.376 -12.493   1.995  -3.647  -2.378  -0.009  -9.254   0.586  -0.583   1.491   0.432  -0.283   1.313   0.426  -1.002   1.403  -1.953   0.826   1.591  -0.369  -0.000  -0.566   1.047   0.011   0.767   0.702  -1.294   1.224  -0.978  -0.579   1.044  -0.677   0.976  -0.017
165:     6.729  -4.795  -2.355  -0.176  -1.413   2.356 -12.713   2.297  -6.210  -1.558   1.460  -9.714   0.574  -0.547   1.602   0.235   0.283   1.791  -1.327  -0.012   0.106  -2.235   2.114   0.124   0.442  -0.015  -0.159   0.301   0.031   0.749   0.072  -1.072   0.850  -1.275  -0.276   1.045  -1.240   0.693  -0.010
166:     6.660  -0.407  -1.827   2.686   2.502   1.538 -10.459   5.352  -7.474   2.123   4.909  -8.631   0.551  -0.786   1.385   0.888   1.110   0.983  -1.811   0.399  -1.550  -2.314   3.803  -2.052   0.630  -0.019  -0.008  -0.394   0.138   0.106  -0.493  -0.273   0.077  -0.974   0.086   0.540  -1.288   0.230  -0.001
167:     4.860  -1.499  -1.543   1.760   0.503  -1.982 -11.866   0.581 -11.441   6.562  -2.378  -9.071   0.524  -0.859   0.824   1.090   1.067   0.108  -1.566   0.169  -2.767  -2.137   3.812  -3.567   0.900  -0.015   0.221  -0.452  -0.153  -0.458  -0.362   0.437  -0.384   0.165   0.484  -0.365  -0.123  -0.052   0.006
168:     3.935  -0.492   1.429   4.896   0.173  -2.511 -10.920  -4.896 -12.599  12.575  -8.352  -6.425   0.515  -0.468  -0.092   0.695  -0.147  -0.312  -0.819  -0.709  -2.028  -1.571   2.679  -3.004   0.554  -0.005   0.501  -0.390  -0.743  -0.966   0.016   0.744  -0.696   1.394   0.822  -1.274   1.203  -0.271   0.010
169:     3.795  -0.633   1.464   4.055   0.289  -3.450 -11.639  -6.413 -14.330  12.273  -9.745  -6.315   0.514   0.400   0.078  -0.435  -1.377   0.629   0.361  -1.380   1.168  -0.186   0.851  -0.016   0.220   0.009   0.632  -0.227  -0.981  -0.842   0.136   0.764  -0.574   1.741   0.960  -1.419   1.809  -0.299   0.010
170:     4.853  -1.297   0.143   0.806   1.050  -1.822 -14.119  -1.293 -13.884  12.663  -6.426  -7.238   0.533   1.090  -0.190  -2.063  -2.496   0.802   0.945  -2.307   3.454   0.822  -1.084   2.189  -0.384   0.019   0.488  -0.005  -0.702  -0.161  -0.069   0.490  -0.020   0.830   0.650  -0.995   1.352  -0.086   0.004
171:     6.400  -0.704  -3.077  -3.082   3.210  -0.520 -17.165   4.621 -11.730  10.772  -3.422  -7.565   0.559   1.522  -0.262  -2.439  -1.969   0.230   1.371  -1.904   3.195   1.469  -1.401   2.880  -0.124   0.021   0.114   0.216   0.037   0.730  -0.356   0.003   0.820  -0.846  -0.083  -0.391   0.158   0.136  -0.006
172:     8.082  -1.407  -6.616  -4.018   2.720   0.749 -19.691   6.856  -9.787   7.904  -0.568  -7.722   0.587   1.410   0.054  -1.814  -0.657  -0.455   1.128  -0.546   1.109   0.853  -1.168   2.307   0.296   0.008  -0.286   0.658   0.916   1.623  -0.184  -0.344   1.620  -2.134  -1.003  -0.151  -0.920   0.349  -0.019
173:     9.789  -1.889  -7.350  -3.376   0.602   2.122 -18.372   5.487  -9.033   7.647   1.729  -6.693   0.590   0.812   1.035  -0.374   1.352  -0.525   0.283   1.839  -1.892  -0.618  -1.063   0.716   0.561  -0.018  -0.492   1.044   1.208   1.737   0.200  -0.434   1.852  -2.386  -1.359  -0.382  -1.338   0.228  -0.026
174:    10.207  -0.433  -6.793  -2.334   0.080   2.500 -16.243   3.818 -10.966   8.384   2.532  -6.193   0.555   0.016   2.450   1.483   3.956   0.261  -0.231   3.921  -4.675  -3.151  -2.010  -1.330   1.019  -0.055  -0.394   1.077   1.052   0.926   0.383  -0.274   1.495  -1.538  -0.808  -0.735  -0.999   0.093  -0.024
175:     9.399   3.985  -4.861   2.838   1.905   0.021  -9.691  -3.318 -14.232   5.215  -1.394  -5.524   0.484  -0.239   3.761   1.951   4.410   0.871  -0.119   5.123  -5.844  -3.321  -2.888  -1.993   0.656  -0.077  -0.125   0.662   0.602  -0.452   0.170   0.180   0.495  -0.200   0.400  -0.704  -0.157  -0.010  -0.015
176:     8.357   7.904  -0.446  12.653   3.371   0.642  -4.426 -12.118 -22.941  -0.930  -5.657  -3.212   0.367  -0.034   4.074   2.282   2.443   0.764  -0.039   5.288  -4.607  -1.836  -3.928  -1.331   0.712  -0.085  -0.042   0.004   0.289  -1.433  -0.102   0.130  -0.529   1.171   1.600  -0.220   0.521  -0.041  -0.003
177:     9.516  12.750  -0.769  11.179   3.312   2.457   1.334 -15.763 -19.651  -2.138  -4.141  -4.906   0.302   0.213   3.531   2.235  -0.152   0.071   1.087   3.631  -2.925   0.722  -3.623  -0.071   0.664  -0.079  -0.278  -0.676   0.197  -1.093  -0.078  -0.285  -1.369   1.989   1.699   0.234   0.334   0.108   0.001
178:     9.977  15.556   2.573   5.710   3.198   1.088   4.682 -12.992 -17.434  -7.580  -2.751  -2.940   0.223  -0.420   2.586   2.784  -0.928   0.152  -0.182   2.022  -0.282   2.830  -2.742   0.313   0.807  -0.070  -0.817  -1.269  -0.049  -0.266   0.076  -0.508  -1.660   2.200   1.514   1.073   0.225   0.226   0.011
179:     9.652  17.812   4.807   5.551   2.346   5.235   3.909 -17.506 -13.375  -9.573  -3.200  -2.338   0.160  -1.436   1.124   2.684   0.633   0.789  -1.471  -0.087   1.938   2.842  -2.309  -1.144   1.147  -0.078  -1.087  -1.669  -0.682  -0.032   0.301  -0.586  -1.464   2.035   0.785   1.357   0.660   0.334   0.029
180:     6.187  18.301  10.685  10.828   4.614  -1.658   4.398 -12.654 -11.930 -10.924  -4.561  -0.458   0.087  -3.293  -1.069   1.815   0.723   0.786  -1.302  -1.154   3.962   4.675   0.779   0.331   1.604  -0.032  -0.494  -1.575  -1.486  -0.886   0.146   0.133  -1.064   0.879  -0.254   1.400   1.222   0.182   0.050
181:     4.231  16.999   8.594  11.785   6.550  -3.523   1.039  -6.242  -8.196 -12.010  -8.958  -0.414  -0.020  -3.785  -2.984  -0.689  -1.139   1.256  -1.284  -2.100   5.127   3.727   1.400   3.222   1.934   0.048   0.663  -0.923  -1.646  -1.946   0.044   0.481  -0.434  -1.004  -1.156   1.336   1.175  -0.197   0.061
182:    -3.779  10.616   9.757   6.207   5.028  -1.042   0.346   1.186   3.352  -2.469   1.783   4.117   0.152  -1.717  -3.236  -2.958  -4.474   0.648   0.390  -2.292   2.521   1.119   2.403   4.238   1.325   0.118   1.783   0.008  -1.209  -1.630   0.069   0.232  -0.309  -2.510  -1.815   0.800  -0.378  -0.795   0.041
183:    -4.290   6.733   1.825   2.164   8.421  -1.491  -4.567   1.207  -2.383  -6.798   9.739   5.042   0.367   1.092  -2.410  -3.161  -6.498   1.079   0.089  -1.689  -2.362  -1.162   3.560   2.779   0.302   0.152   1.715   0.547   0.032  -0.182  -0.236  -0.285  -0.352  -2.364  -0.763   0.730  -2.089  -1.133   0.007
184:     1.864   7.255  -0.722  -6.733   6.920  -0.726  -4.258  -3.775  -9.239  -1.514   7.281   3.437   0.485   3.183  -1.319  -2.996  -4.749   1.221  -0.826  -2.904  -4.845  -1.958   3.700  -1.340  -1.554   0.120   0.512   0.426   1.129   1.701  -0.674  -1.035  -0.492  -0.233   0.625  -0.069  -2.516  -0.810  -0.020
185:     6.869   6.631  -1.970 -14.234  10.999  -3.235  -5.102 -15.573  -7.711   5.313   2.189   1.437   0.574   2.341  -1.209  -0.508  -1.912  -0.211  -2.102  -3.553  -3.012   1.451   4.401  -4.435  -2.294   0.080  -0.753   0.098   1.728   2.655  -1.601  -1.027  -0.128   2.181   0.808  -1.223  -1.421  -0.056  -0.031
186:     6.555   4.073  -3.324  -9.338   9.844  -4.299 -13.907 -14.650  -3.771   9.973  -1.140  -1.851   0.651   0.218  -1.704   1.358   1.738  -2.079  -3.687  -3.821   1.681   2.935   1.636  -4.732  -1.425   0.055  -1.265  -0.022   1.962   1.952  -1.989  -0.459   1.124   2.584  -0.298  -1.813   0.459   0.726  -0.026
187:     5.068   2.281   0.585  -6.092   5.905 -10.214 -17.507  -8.417   2.139   9.461  -8.227  -3.783   0.686  -1.189  -1.728   3.304   3.534  -5.278  -3.613  -1.868   5.282   0.433  -1.521  -2.629  -0.043   0.032  -0.844   0.162   1.555   0.672  -1.370   0.603   2.044   0.926  -1.919  -1.500   1.894   0.793  -0.020
188:     3.855   0.908   4.792  -2.114  -0.929 -15.673 -17.161   1.055   0.513   4.592 -11.172  -1.080   0.704  -1.380  -1.170   4.910   2.289  -6.192  -2.365   1.875   3.926  -2.937  -2.406   0.055   0.949   0.013  -0.198   0.400   0.933  -0.613  -0.140   1.567   2.096  -1.412  -2.117  -0.157   2.030   0.065  -0.015
189:     2.275  -0.424  10.492  -0.177 -10.002 -15.611 -12.817   2.984  -7.687   0.396  -5.941   0.838   0.708  -1.080  -0.665   5.490   1.172  -5.006   0.252   3.817   0.495  -5.206  -1.080   2.643   0.483   0.003   0.159   0.466   0.038  -1.104   1.181   1.750   1.034  -2.474  -0.889   0.881   1.075  -0.698  -0.010
190:     1.053  -0.422  16.271  -0.851 -13.165 -13.428  -6.877  -0.721 -13.542   2.474  -2.010   0.582   0.704  -0.825  -0.234   4.931  -0.144  -2.914   2.213   3.816  -2.984  -4.828   0.629   2.784  -1.364  -0.004   0.225   0.384  -0.764  -0.791   1.603   1.316  -0.314  -1.713   0.549   0.872  -0.104  -0.857  -0.006
191:     1.068  -0.380  22.296  -0.864 -13.006 -10.077  -3.561  -5.054 -16.862   5.119   0.406  -2.200   0.701  -0.674   0.135   3.485  -0.769  -1.013   2.849   2.329  -3.631  -3.067   1.365   1.380  -2.377  -0.007   0.151   0.269  -1.168  -0.452   1.251   0.543  -1.042  -0.365   1.365   0.238  -0.948  -0.285  -0.005
192:     0.334  -0.286  23.547  -2.489 -13.996  -7.375  -2.707  -9.846 -19.040   5.375  -0.426  -6.381   0.689  -0.459   0.351   2.094  -0.697  -0.176   2.915   1.048  -2.577  -1.262   0.732   0.164  -1.908  -0.011   0.121   0.121  -0.964  -0.107   0.736  -0.054  -1.064   0.721   1.335  -0.352  -1.013   0.585  -0.005
193:    -0.734   0.182  24.277  -3.202 -14.653  -4.391  -3.256 -10.609 -20.271   5.773   0.168  -7.564   0.678  -0.506   0.389   1.068  -0.810  -0.120   2.618  -0.009  -1.533  -0.162   0.056  -0.789  -0.671  -0.016   0.125   0.053  -0.533   0.099   0.507  -0.396  -0.555   0.921   0.951  -0.743  -0.695   0.951  -0.007
194:    -0.343   1.053  25.749  -3.168 -13.219  -1.693  -1.791 -10.830 -18.146   5.804  -1.072  -6.276   0.662  -0.304   0.244   1.317  -0.657   0.321   2.060  -0.337  -0.430   0.394  -0.474  -1.196   0.708  -0.023   0.117   0.139  -0.373   0.281   0.580  -0.586  -0.099   0.786   0.613  -0.801  -0.286   0.653  -0.012
195:    -1.125   0.895  26.535  -4.573 -13.994   0.172  -4.063 -12.226 -18.118   5.185  -3.219  -5.606   0.633  -0.125   0.452   1.208  -0.296   1.274   1.297   0.247  -0.098   0.862  -1.744  -1.416   1.072  -0.035   0.108   0.359  -0.619   0.660   0.812  -0.647   0.276   0.564   0.648  -0.894   0.121   0.194  -0.024
196:    -0.991   0.577  29.005  -5.087 -12.720   0.645  -3.989 -11.190 -18.146   3.296  -4.714  -3.818   0.595  -0.067   1.013   0.157   0.449   2.030   0.646   0.426   0.636   1.293  -2.374  -0.950   0.485  -0.063  -0.115   0.554  -1.302   0.848   1.032  -0.351   0.162   0.540   1.222  -0.681   0.243  -0.220  -0.037
197:    -1.035   2.681  28.689  -3.725  -8.531   0.925  -0.919 -10.918 -15.962  -1.694  -5.092  -3.431   0.537  -0.082   1.801  -1.449   1.937   3.084   0.091   0.989   0.752   2.630  -3.464  -0.308   0.411  -0.117  -0.478   0.350  -1.524   0.663   0.727   0.177  -0.190   0.947   1.618   0.154   0.322  -0.009  -0.035
198:    -0.724   5.225  25.457  -1.348  -5.803   1.158  -1.234  -8.307 -12.759  -2.624  -4.885  -4.937   0.394  -0.901   2.340  -3.865   2.469   4.576   0.911   0.100   1.845   5.622  -3.019  -0.537  -0.062  -0.169  -0.693  -0.718  -1.255  -0.091  -0.135   0.516  -0.423   0.799   1.234   0.879   0.269   0.556   0.003
199:    -1.670   7.576  21.062   3.242  -2.035   0.370  -0.495  -9.908  -7.663  -9.173  -4.675  -2.993   0.150  -2.100   1.540  -4.400   2.011   3.638   2.048  -0.541   4.035   6.786  -0.652  -0.014   1.299  -0.157  -0.581  -1.834  -0.442  -1.037  -1.039   0.376  -0.350   0.214   0.034   1.416   0.282   0.781   0.056
200:    -5.178   9.832  13.494   3.774   6.910   5.476  -3.700  -2.468   5.815  -8.060  -7.606  -4.347  -0.055  -2.521  -2.448  -4.645  -0.043   1.076   2.245  -0.922   2.990   5.384   0.617   0.249   2.819  -0.027  -0.124  -1.943   0.673  -1.369  -1.729  -0.349   0.359  -1.025  -1.564   1.114   0.342   0.565   0.090
201:    -9.306   8.080  12.672   3.768   3.301   9.004  -2.392   6.336   8.680  -2.237  -3.800   2.771  -0.022  -2.176  -4.976  -3.271  -1.992  -0.362   1.303  -0.252   1.249   2.920   1.799   0.708   2.877   0.093   0.360  -0.831   1.287  -0.780  -1.538  -1.124   1.033  -2.189  -2.115   0.399   0.052  -0.306   0.076
202:    -9.513  -7.267   6.428  -1.826  -3.091   8.068  -4.895  -1.477   5.991  -3.009  -4.076   6.277   0.346  -1.482  -4.117  -1.064  -2.374  -2.069  -0.463   1.752  -1.885  -0.267   1.327   0.813   1.973   0.156   0.468   0.880   1.534   0.487  -0.967  -1.307   1.456  -1.655  -1.626   0.331  -0.017  -1.047   0.020
203:   -10.385  -8.754   8.243  -3.916   1.156   5.588  -1.157  -4.159   6.848  -2.702  -2.899   6.082   0.416  -0.818  -1.778   0.243  -0.724  -2.478  -2.216   3.287  -4.474  -0.962   0.986  -0.034   0.192   0.132   0.428   1.392   0.850   1.333  -0.506  -0.854   1.029  -0.288  -0.830   0.375   0.095  -1.051  -0.023
204:   -12.051  -2.338  10.388  -4.252  -2.364   4.869   4.442  -6.644   5.399  -1.193  -3.992   3.863   0.508  -0.862   0.352   1.270   1.760  -2.699  -2.528   4.588  -2.424  -0.803   2.680   0.536  -1.071   0.056   0.393   0.690  -0.089   1.245   0.122  -0.277   0.099   1.277  -0.194   0.255   0.479  -0.449  -0.045
205:   -12.128  -3.273  11.905   1.362  -9.454  -0.478   9.372 -13.451   4.167   1.784  -4.011   4.940   0.558  -0.347  -0.252  -0.188   2.607  -2.577  -1.934   3.476   0.077  -0.961   2.997   1.322  -0.857   0.029   0.499   0.156  -0.533   0.471   0.747   0.162  -0.630   2.247   0.094  -0.417   0.662   0.019  -0.043
206:   -12.951  -8.248  10.948   4.335 -11.279  -1.539  12.781  -8.949   3.316   8.147  -0.840   1.493   0.557   0.245  -1.428  -1.296   2.184  -1.409  -1.988   2.154   2.227  -1.237   1.598   2.532   0.253  -0.017   0.831   0.354  -0.311  -0.200   1.016   0.021  -1.163   1.392   0.185  -1.378   0.126   0.317  -0.028
207:   -11.670  -7.059   7.023   4.824  -7.273  -0.879  12.054  -2.622   3.083   7.610   2.133   2.984   0.539   1.125  -0.109  -1.141   1.417   0.610  -1.678   1.354   4.433  -0.274  -0.560   2.280  -0.372  -0.045   1.114   0.759   0.265  -0.259   0.908  -0.413  -1.205   0.171   0.079  -1.580  -0.641   0.266  -0.015
208:   -11.055  -7.584   6.351   4.938 -10.499  -4.869  13.871  -0.926  -0.246   3.885   5.594   6.106   0.433   2.557   2.049   0.194   1.353   0.786  -2.551  -0.167   2.359  -0.222  -2.432   0.685   0.269  -0.046   1.279   0.744   0.213  -0.143   0.633  -0.475  -1.262  -0.764  -0.196  -0.977  -1.119   0.150   0.004
209:    -7.450  -4.150   8.498   8.145  -6.796  -7.204  15.595   4.704   4.578   1.115   4.174   0.772   0.396   4.065   1.806   0.393   1.729   0.865  -3.720  -1.390   0.866  -1.073  -2.889  -0.958   0.465  -0.032   1.009  -0.053  -0.269  -0.106   0.045  -0.360  -1.044  -1.078  -0.588  -0.317  -0.842   0.546   0.014
210:    -2.278   0.542  11.180   9.437  -7.588 -11.129  10.176  -0.816   1.458  -0.767   1.562   3.945   0.400   5.169   1.332  -0.995   1.314   1.628  -3.339  -2.784   0.192  -1.817  -2.124  -1.443   0.586  -0.005   0.294  -0.758  -0.677  -0.282  -0.114   0.199  -0.503  -0.099  -0.295   0.103  -0.215   0.498   0.013
211:     4.268  -2.089   6.575  11.221  -4.403 -16.347   6.950   1.651  -3.133  -4.510  -0.643   6.387   0.395   4.866  -0.018  -1.891   0.905   0.415  -3.082  -2.560   0.126  -2.414  -2.299  -0.865   2.199   0.003  -0.564  -0.611  -0.353  -0.485  -0.329   0.839  -0.056   0.462   0.338   0.187   0.292   0.373   0.006
212:     8.933  -1.952   2.335   9.969  -3.554 -16.995   4.275   1.562  -5.477  -3.921   0.790   6.230   0.406   3.626  -0.829  -2.051   0.355   0.439  -1.873  -2.098   2.232  -1.024  -2.214  -0.435   1.893   0.001  -1.172  -0.320   0.386  -0.440  -0.415   1.007   0.444   0.515   0.703   0.198   0.387   0.172  -0.002
213:    11.273  -2.990   3.467  12.402  -6.737 -19.680   5.745   4.142  -4.026  -8.803   0.238  10.623   0.407   2.016  -0.168  -0.843  -0.217  -0.185  -0.258  -2.012   2.157   0.222  -1.907  -0.004   1.674  -0.004  -1.227   0.057   0.660  -0.381  -0.054   0.887   0.629   0.014   0.650   0.537   0.281  -0.281  -0.004
214:    12.351  -3.154   2.481  10.623  -4.224 -18.826   0.290   9.097  -3.216  -9.690  -1.055  11.294   0.399   0.733  -0.194   0.409  -0.324  -0.147   0.283  -0.838   1.752   0.380  -1.329   0.061   1.710  -0.011  -0.969   0.196   0.618  -0.243  -0.021   0.490   0.853  -0.845   0.236   0.822   0.016  -0.345  -0.004
215:    12.638  -2.329   2.285   9.807  -4.994 -16.720  -1.120   8.670  -3.155 -11.160   0.262  12.225   0.380   0.175  -0.048   0.181  -0.663   0.441   0.277  -0.044   0.435   0.133  -0.055   0.295   0.887  -0.012  -0.642   0.164   0.391  -0.288   0.005   0.373   0.712  -1.093   0.075   0.962  -0.355  -0.507  -0.004
216:    11.916  -3.252   4.972   9.645  -5.162 -17.060   3.515   8.060  -4.012  -9.390   1.081  13.978   0.365  -0.299   0.088   0.528  -0.638   0.021   0.310   1.181  -1.134   0.198   0.967  -0.506   0.560  -0.016  -0.467   0.369   0.404  -0.452  -0.220   0.723   0.252  -1.054   0.177   0.754  -0.643  -0.758  -0.006
217:    12.367  -3.182   3.125   9.578  -4.064 -19.178   3.910   6.836  -2.962  -9.227   0.643  13.718   0.365  -0.676   0.511   1.054  -1.500  -0.246   1.594   0.539  -1.864   0.687   1.756  -1.495  -0.288  -0.023  -0.589   0.430   0.776  -0.417  -0.419   0.905   0.010  -0.643   0.367   0.100  -0.729  -0.628  -0.009
218:    10.993  -2.286   4.702   7.545  -4.584 -16.047   3.682   4.342  -2.321  -5.820  -3.777  13.348   0.328  -1.177   1.371   1.993  -2.168  -0.904   3.237   0.130  -2.367   0.988   1.533  -2.261  -1.493  -0.036  -0.800   0.355   0.678  -0.299   0.019   0.695  -0.113  -0.262   0.446  -0.540  -0.261  -0.461  -0.009
219:     9.718  -0.259   7.691   3.355  -6.514  -9.256   1.490   1.209  -0.567  -4.165  -4.786  11.102   0.281  -2.329   1.462   3.328  -1.982  -1.192   3.337   0.533  -2.165   1.575   0.164  -2.474  -1.226  -0.049  -0.865   0.142   0.117   0.045   0.730   0.134   0.165   0.104  -0.098  -0.992   0.377   0.064  -0.001
220:     7.353   2.140  12.656   1.919  -8.459  -5.836   5.378  -0.961  -0.268  -4.256  -7.507   7.819   0.225  -3.473   1.390   2.781  -1.892   0.591   2.914   0.618  -2.291   1.984  -0.936  -1.323  -1.277  -0.046  -0.764  -0.183  -0.806   0.128   1.421  -0.465  -0.123   0.461  -0.500  -0.680   0.975   0.217   0.011
221:     2.540   1.916  15.787   2.480  -8.085  -7.598   5.727  -1.339   3.885  -9.187  -9.860  10.354   0.171  -3.855   1.211   1.246  -1.412   2.654   2.424   1.117  -1.383  -0.300  -1.971  -0.081  -0.076  -0.025  -0.444  -0.401  -1.662  -0.100   1.499  -0.518  -0.373   1.017  -0.495   0.530   1.253  -0.179   0.022
222:    -2.784   3.576  14.560  -1.475  -0.844  -2.304   4.655  -5.840   5.374  -7.989  -7.855   7.338   0.155  -4.234   0.581  -0.996  -1.813   4.276   1.367  -0.777  -0.453  -0.573  -0.799   1.418  -0.983   0.005  -0.057  -0.567  -1.714  -0.230   0.452  -0.839  -0.520   1.520  -0.255   1.479   1.093  -0.026   0.026
223:    -4.491   5.078  12.972  -2.008   2.949   1.096   7.437  -3.268  -4.890 -12.152  -5.016  10.964   0.192  -4.167  -0.138  -3.095  -2.522   4.462   1.523  -0.633   1.999   0.380   2.743   2.422  -2.266   0.038   0.304  -0.462  -1.115  -0.109  -0.556  -0.912  -0.319   1.327   0.373   1.519   0.615   0.168   0.020
224:   -10.300   3.464   9.084  -4.903   7.401  -3.350   0.637  -2.262   1.252  -6.767  -2.838   2.599   0.238  -3.604  -0.770  -3.619  -2.485   1.949  -0.831  -1.107   3.616   0.369   4.103   2.891  -0.313   0.053   0.790  -0.048  -0.168   0.348  -1.101  -0.604   0.435   0.638  -0.089   0.422  -0.012   0.830   0.007
225:   -14.536   1.281   3.048  -8.416  10.101   0.538   4.570   6.869   7.845   3.918  -0.260   1.393   0.318  -2.648  -0.422  -3.017  -1.622   1.039  -1.039  -0.314   3.219   1.095   3.173   2.256   0.430   0.051   1.106   0.360   0.744   0.789  -1.001  -0.507   0.482  -0.535  -0.676  -0.962  -0.540   0.784  -0.007
226:   -15.783   1.626   1.425 -10.697   5.325  -6.178   0.556   7.170   0.853   4.490   4.222  10.558   0.357  -1.045   0.484  -1.875  -0.521   0.481  -0.373   1.238   2.127  -1.376   1.098   1.439   1.820   0.036   1.033   0.362   1.007   0.825  -0.331   0.034   0.406  -1.089  -0.616  -1.450  -0.855  -0.410  -0.015
227:   -14.987   3.889   1.716  -7.221   9.181  -2.686   5.910   8.110   0.785  -1.915   2.735   9.135   0.388   0.083   1.036  -0.249   0.442   0.191  -1.243   0.603   0.071  -2.126  -0.565   0.447   0.587   0.013   0.669  -0.032   0.711   0.339  -0.231  -0.232  -0.351  -1.219  -0.294  -0.905  -0.632  -0.991  -0.017
228:   -15.300   4.578   0.375  -8.107  10.267  -3.601   6.156   7.751  -2.097   1.639   2.861   7.827   0.382   0.194   0.310   0.030   0.606   0.718  -0.561   0.467  -0.257  -1.098  -1.280  -0.479  -2.440  -0.003   0.273  -0.323   0.387  -0.059  -0.190  -0.475  -0.882  -0.773   0.471  -0.248  -0.290  -0.936  -0.013
229:   -14.365   4.984   2.327  -7.503   8.584  -6.965   4.785   6.933  -1.310   2.518   2.654   5.694   0.372   0.077  -0.496  -0.415  -0.489  -0.236  -2.106  -1.683  -1.687  -0.515  -0.164   0.055  -2.396  -0.014   0.003  -0.285   0.173  -0.082   0.190   0.041  -0.581  -0.198   0.432  -0.071  -0.232  -0.075  -0.008
230:   -15.122   2.627   1.268  -7.526   9.214  -6.843   3.453   6.474  -3.591  -4.125   1.869   0.076   0.347   0.325  -0.366   0.142  -0.350  -0.256  -2.314  -2.029  -0.859   0.173  -0.345   0.186  -1.369  -0.017   0.018   0.030   0.238   0.061   0.329   0.673   0.036   0.226   0.305   0.238  -0.369   0.775  -0.004
231:   -14.689   2.386  -0.805  -9.954   8.530 -11.597  -1.151   0.316  -1.043   0.147   3.504   1.028   0.334   0.032  -0.053   0.560   0.508   1.628  -0.161  -1.055  -0.620  -0.601  -1.387  -1.045  -0.325  -0.018   0.073   0.019   0.299   0.196   0.478   1.522   0.841   0.756   0.151   0.120  -0.491   0.764  -0.003
232:   -13.514   4.046   2.650  -8.631   9.014 -12.854  -1.020   6.767  -1.363   1.101   3.367   3.314   0.317   0.305   0.238   0.734   0.413   1.434   1.831   0.331   0.339   0.471   0.521  -1.774   0.399  -0.020   0.035  -0.312  -0.091  -0.136  -0.024   1.237   0.808   0.540   0.234   0.343  -0.030   0.443  -0.003
233:   -15.007   4.007   4.436  -4.411  16.823  -4.764   1.746   3.688  -5.428  -7.032  -3.320   2.449   0.295   0.454  -0.701   0.785   0.108   1.311   3.433   1.344   1.494   0.089   0.005  -1.422   0.539  -0.026   0.189  -0.428  -0.295  -0.345  -0.777  -0.107   0.021   0.221   0.414   0.505   0.759   0.287  -0.004
234:   -13.441   3.008   2.317  -8.231  12.237  -1.107   3.661   6.483   0.956   2.070  -3.591   1.361   0.267   0.288  -1.604  -0.428  -0.827  -0.217   2.077   0.810   0.783   0.997   0.674   0.226   0.413  -0.029   0.270  -0.138  -0.285  -0.036  -0.676  -1.112  -0.299  -0.195   0.015  -0.316   0.715   0.194  -0.007
235:   -12.458  -0.602   3.287  -9.614  13.476  -0.307   3.230   7.930  -1.757  -0.311  -0.128   4.701   0.231   0.987  -1.274  -0.335  -0.598  -1.434  -0.821  -1.189   0.262   1.206   1.063   1.749   1.103  -0.034   0.478   0.407  -0.260   0.077  -0.503  -1.175  -0.129  -0.417  -0.118  -0.540   0.107   0.240  -0.012
236:   -13.347  -1.669   1.086 -10.166   9.600  -4.699   2.289   8.563   1.786   1.112   2.900   4.253   0.205   1.389  -0.164  -0.130   0.587  -0.572  -1.604   0.104  -0.019  -0.014  -1.586   0.215   1.085  -0.049   0.671   0.758  -0.109   0.382  -0.224  -0.231   0.295  -0.160  -0.196  -0.657  -0.336   0.115  -0.017
237:   -10.119  -0.022   3.377  -6.434  10.972  -7.074  -3.514   3.957   0.186  -1.238   2.181   6.520   0.158   2.295   0.616  -0.663  -0.214  -1.026  -0.604   1.053  -0.191   0.005  -1.567  -0.879   1.405  -0.075   0.387   0.726  -0.151   0.640  -0.366   0.560   0.661  -0.092   0.182  -0.033  -0.253  -0.110  -0.014
238:    -7.666   1.897   1.622  -6.886  10.629  -5.744   7.554   8.373  -0.085  -5.396  -3.673   5.876   0.058   2.991   1.242  -0.807   0.892  -1.540   0.814   1.164   0.207   0.619  -1.294  -0.138   0.836  -0.093  -0.124   0.505   0.210   1.217  -0.370   0.577  -0.078  -0.583   0.379   0.941   0.270  -0.188  -0.001
239:    -3.823   0.693  -0.296 -12.325   7.830  -2.806   5.861   7.070  -0.796  -4.891  -1.238  10.913  -0.068   2.122   1.656  -0.750   2.450  -2.780   0.769   1.588  -0.313   1.801   0.751   0.662   0.678  -0.083  -0.817   0.316   0.570   1.704   0.251   0.344  -0.270  -0.833   0.103   1.125   0.222  -0.554   0.016
240:    -1.540   4.184  -1.113  -2.762   3.469  -2.766   3.423   8.043   5.375  -3.530   3.919   6.238  -0.149   0.853   1.841   0.962   5.338  -1.544   0.593  -0.555  -2.874   0.981   1.961   0.793   0.506  -0.050  -1.124  -0.027   0.512   0.771   0.785   0.203  -0.055  -0.639  -0.390   0.668  -0.054  -0.341   0.025
241:    -2.572   7.113   0.996   3.753   0.652  -4.719   6.490   2.557   6.463   1.583   1.696   9.728  -0.151  -0.723   1.894   1.304   6.081   0.229   1.228   0.562  -2.817   0.337   2.430  -0.233  -1.198  -0.017  -0.845  -0.468   0.119  -0.478   0.963   0.278   0.204   0.127  -0.576  -0.328  -0.132  -0.178   0.021
242:    -4.025   7.892   5.787  11.764   6.500  -1.820   4.464  -3.739   1.190   1.170  -1.177   8.999  -0.151  -1.208   0.986   0.729   2.930   0.878   1.601   1.402  -1.737  -0.598   1.207   0.040   0.070  -0.000  -0.359  -0.681  -0.348  -1.493   0.263   0.005   0.536   1.016  -0.098  -0.921  -0.141   0.080   0.012
243:    -6.196   8.310   2.775  10.818   7.460   2.862   8.150  -1.124   2.982   4.908   0.146   3.540  -0.151  -1.074  -0.255  -0.040   1.261   0.826   1.657   1.630  -0.246  -0.287  -0.515   0.379   0.005   0.000   0.131  -0.612  -0.289  -1.400  -0.255  -0.364  -0.033   0.814   0.127  -0.946  -0.116   0.493   0.003
244:    -5.770   8.514   1.640   8.355   4.453   1.450   9.600   1.199   4.123   0.842   4.895   9.682  -0.151  -0.769  -0.490  -0.104   0.284  -0.528   0.406   1.590   0.919   0.801  -1.170  -0.218   0.304   0.000   0.262  -0.277  -0.062  -0.632  -0.287  -0.421  -0.343   0.177   0.226  -0.116  -0.334   0.045   0.000
245:    -7.069   5.526   2.870  11.764   5.807   1.930  12.073  -1.140   3.560  -0.826   0.556   9.413  -0.151  -0.290  -0.431   0.277   0.404  -0.345   0.007   0.304  -0.075   0.274  -1.113  -0.682   1.151   0.000   0.252   0.107   0.118  -0.221  -0.106  -0.419  -0.268  -0.031   0.104   0.562  -0.066  -0.206   0.000
246:    -7.433   6.836   5.219  12.711   4.687   0.676  10.453   0.863   4.908  -1.813  -2.470   7.584  -0.151  -0.288  -0.312   0.258   0.197   0.026   0.322   0.349  -0.937   0.253   0.926  -1.100  -0.276   0.000   0.208   0.169  -0.008   0.002   0.286  -0.234  -0.253   0.028  -0.048   0.583   0.314  -0.350   0.000
247:    -6.813   6.996   2.372  10.658   5.616   3.282   9.244  -1.332   3.962   0.670   0.419  10.345  -0.151  -0.052   0.193   0.370   0.202   0.018  -0.394   0.911   0.525   0.510   1.248   0.488  -0.734   0.000   0.139   0.146  -0.104   0.089   0.308  -0.273  -0.272   0.437   0.070   0.081   0.352  -0.378   0.000
248:    -7.337   6.217   3.180   9.893   4.679   2.382  12.758  -3.390   5.185   4.725  -0.536   7.836  -0.151   0.155   0.043  -0.192   0.392   0.719  -0.566   0.021   0.760   0.446   0.562   0.770  -0.504   0.000   0.140   0.100  -0.178   0.111   0.261  -0.198  -0.623   0.456  -0.007  -0.579   0.200   0.086   0.000
249:    -7.378   6.800   5.739  14.182   5.901  -0.894  15.474   3.612   5.969   2.143   2.031   5.615  -0.151   0.183   0.123  -0.020   0.752   0.850  -0.915  -0.892   1.262   0.530  -0.528   0.141  -0.624   0.000   0.083   0.023  -0.186   0.063   0.199   0.013  -0.744   0.111  -0.085  -0.630  -0.152   0.227   0.000
250:    -6.377   7.147   2.576  12.911   8.138  -0.066   7.442   2.190   6.135   0.262   0.572   7.430  -0.151   0.292   0.221  -0.437   0.476   0.916  -0.407  -1.867   0.974   0.207  -1.081   0.076   0.100   0.000   0.038   0.045  -0.091  -0.011   0.046   0.083  -0.475   0.014  -0.080  -0.384  -0.145   0.193   0.000
------------------------------------------------------------------------------------------------------------------------------------------------------------- END --------------------------------------------------------------------------------------------------------------------------------------------------------------
